-0.613 1.713 0.663 0 0 0
-0.963 1.663 0.138 0 0 0
-0.963 -1.188 -0.413 0 0 0
-0.838 1.538 0.138 0 0 0
-1.913 0.663 0.388 0 0 0
-1.763 1.288 0.163 0 0 0
-0.288 1.613 0.113 0 0 0
-1.588 -0.062 0.013 0 0 0
-1.863 1.463 -0.062 0 0 0
-0.938 1.688 -0.138 0 0 0
-0.863 1.562 0.638 0 0 0
-1.488 1.488 -0.088 0 0 0
-1.038 -2.337 -0.188 0 0 0
-2.863 -4.737 -0.363 0 0 0
-0.113 2.863 1.388 0 0 0
-1.763 1.838 0.763 0 0 0
-0.463 1.613 -0.138 0 0 0
-1.888 0.713 0.138 0 0 0
0.438 0.363 -0.038 0 0 0
-1.713 1.538 0.113 0 0 0
0.438 0.363 -0.013 0 0 0
0.263 2.638 -0.238 0 0 0
-0.562 1.838 -0.138 0 0 0
-1.988 0.938 0.138 0 0 0
-2.888 -4.612 -0.312 0 0 0
-1.688 0.062 0.062 0 0 0
0.163 -0.288 -0.138 0 0 0
-1.513 -0.263 -0.062 0 0 0
-1.012 1.488 0.163 0 0 0
-2.938 -4.213 0.488 0 0 0
-2.812 -4.863 0.513 0 0 0
-2.988 -4.388 -0.312 0 0 0
-1.713 1.213 0.163 0 0 0
0.288 0.738 -0.062 0 0 0
-1.388 0.238 0.038 0 0 0
-0.562 1.863 -0.138 0 0 0
-0.213 1.713 0.288 0 0 0
0.338 3.363 -0.312 0 0 0
0.263 0.438 -0.038 0 0 0
-1.012 -1.062 -0.138 0 0 0
-1.137 1.238 0.638 0 0 0
-0.988 1.838 -0.138 0 0 0
-3.038 -4.112 -1.488 0 0 0
-1.012 -0.988 0.138 0 0 0
-1.062 -0.888 -0.413 0 0 0
-0.963 1.538 0.613 0 0 0
-0.263 1.812 -0.163 0 0 0
-1.913 0.763 0.088 0 0 0
-1.788 0.938 0.213 0 0 0
-1.137 1.363 -0.088 0 0 0
-1.763 1.163 0.638 0 0 0
-1.188 1.363 0.088 0 0 0
0.312 0.613 0.213 0 0 0
-1.038 1.463 -0.113 0 0 0
-0.288 1.488 0.588 0 0 0
-0.562 1.838 0.188 0 0 0
-1.137 -0.713 -0.013 0 0 0
-1.137 -0.713 -0.038 0 0 0
-1.763 1.963 0.363 0 0 0
-2.888 -4.288 0.488 0 0 0
-0.988 -1.188 0.138 0 0 0
0.338 0.588 0.288 0 0 0
0.288 0.438 0.013 0 0 0
-0.838 1.788 0.088 0 0 0
-0.513 1.763 -0.138 0 0 0
-0.263 1.613 0.638 0 0 0
1.863 -0.088 -0.062 0 0 0
-1.738 0.888 0.488 0 0 0
-0.312 1.588 0.138 0 0 0
-1.863 0.663 -0.013 0 0 0
0.238 0.038 0.013 0 0 0
-0.838 1.538 -0.113 0 0 0
-0.288 1.613 -0.138 0 0 0
-2.788 -4.838 0.537 0 0 0
-3.088 -4.062 -1.463 0 0 0
-2.763 -4.913 -0.388 0 0 0
-1.488 -0.338 0.062 0 0 0
-0.163 -0.788 -0.038 0 0 0
-1.213 -2.413 0.263 0 0 0
0.263 -0.038 -0.038 0 0 0
-0.163 -0.788 -0.013 0 0 0
-1.513 0.188 0.013 0 0 0
-0.988 -1.088 -0.488 0 0 0
-1.863 1.513 -0.088 0 0 0
-2.788 -4.812 0.562 0 0 0
-0.638 1.913 -0.163 0 0 0
-0.988 -1.012 -0.363 0 0 0
-1.588 -0.113 0.062 0 0 0
0.363 0.463 -0.062 0 0 0
-1.062 -0.913 -0.113 0 0 0
0.213 3.338 -0.312 0 0 0
-1.863 0.838 0.388 0 0 0
-1.863 1.312 0.713 0 0 0
0.363 0.713 0.263 0 0 0
0.238 3.338 0.288 0 0 0
-1.062 1.463 0.088 0 0 0
-0.263 1.812 0.163 0 0 0
-1.788 1.288 0.138 0 0 0
-0.213 -0.738 -0.288 0 0 0
-1.012 -0.963 -0.438 0 0 0
-0.838 1.713 0.288 0 0 0
0.038 -0.388 -0.062 0 0 0
-1.963 1.538 0.113 0 0 0
-1.012 1.488 -0.088 0 0 0
-0.938 -2.312 0.238 0 0 0
-1.088 -0.763 -0.338 0 0 0
-0.963 1.613 0.288 0 0 0
0.013 -0.413 0.038 0 0 0
-2.738 -4.913 0.562 0 0 0
-0.988 1.463 0.138 0 0 0
-1.538 -0.213 0.062 0 0 0
-2.888 -4.388 -2.038 0 0 0
-0.688 1.812 0.188 0 0 0
-1.088 -0.738 -0.312 0 0 0
-0.963 -1.113 -0.062 0 0 0
-1.012 1.562 0.163 0 0 0
-0.562 1.713 0.663 0 0 0
-1.513 -0.288 0.013 0 0 0
0.363 2.538 0.213 0 0 0
-0.413 1.588 -0.138 0 0 0
0.338 0.763 0.113 0 0 0
0.488 0.537 0.038 0 0 0
-0.988 -2.337 -0.188 0 0 0
-1.238 -2.413 -0.188 0 0 0
-1.888 1.638 0.312 0 0 0
0.438 0.338 0.138 0 0 0
-2.163 -4.062 0.438 0 0 0
-1.688 1.863 -0.138 0 0 0
-1.812 1.463 -0.088 0 0 0
-1.113 -2.363 0.263 0 0 0
-2.988 -4.062 -1.888 0 0 0
-1.163 1.388 0.163 0 0 0
-1.538 1.413 0.588 0 0 0
-1.413 0.238 0.013 0 0 0
-0.588 1.863 -0.163 0 0 0
-1.763 1.562 -0.088 0 0 0
0.288 0.913 0.088 0 0 0
0.713 0.338 -0.062 0 0 0
-0.088 1.438 0.562 0 0 0
-1.188 -2.363 -0.338 0 0 0
-0.788 1.863 0.088 0 0 0
-0.638 1.788 0.312 0 0 0
-1.738 1.163 0.613 0 0 0
-1.463 -0.388 0.013 0 0 0
0.138 0.663 -0.062 0 0 0
-0.963 1.713 -0.138 0 0 0
-0.138 3.138 0.513 0 0 0
-0.838 1.588 -0.138 0 0 0
-1.438 -0.413 0.088 0 0 0
-0.988 -1.113 0.138 0 0 0
-1.788 0.888 0.388 0 0 0
-1.088 1.413 0.088 0 0 0
-1.788 1.363 0.713 0 0 0
0.312 2.588 0.088 0 0 0
-0.163 1.638 0.163 0 0 0
-1.763 0.863 0.463 0 0 0
-1.163 -2.388 -0.138 0 0 0
-1.913 0.738 0.138 0 0 0
0.062 3.213 0.513 0 0 0
-0.188 1.613 0.263 0 0 0
-0.763 1.763 0.888 0 0 0
-1.688 0.513 0.013 0 0 0
-1.463 -0.363 0.013 0 0 0
0.138 0.688 -0.062 0 0 0
-0.588 1.838 0.138 0 0 0
-1.938 0.863 0.213 0 0 0
0.288 0.413 0.062 0 0 0
-1.938 0.663 0.113 0 0 0
-0.688 1.688 0.663 0 0 0
-1.663 1.113 0.238 0 0 0
-0.763 1.888 0.163 0 0 0
-1.888 0.688 -0.013 0 0 0
-2.763 -4.938 -0.338 0 0 0
0.388 2.363 0.888 0 0 0
-1.538 0.188 0.013 0 0 0
-0.988 1.463 -0.113 0 0 0
-1.988 0.913 -0.013 0 0 0
-1.988 0.913 -0.038 0 0 0
-1.888 1.538 -0.088 0 0 0
-1.062 -0.938 -0.062 0 0 0
0.388 2.388 0.913 0 0 0
-1.463 0.388 0.013 0 0 0
-1.012 -0.988 -0.363 0 0 0
-1.812 0.663 -0.013 0 0 0
-1.513 0.188 0.088 0 0 0
0.288 -0.163 -0.088 0 0 0
-0.113 3.188 -0.312 0 0 0
-0.963 -2.062 -0.988 0 0 0
-1.613 -0.088 0.038 0 0 0
-1.062 -2.363 -0.163 0 0 0
-1.163 1.388 -0.088 0 0 0
-0.238 -0.738 -0.338 0 0 0
-0.863 -2.263 0.238 0 0 0
-1.188 -0.588 0.013 0 0 0
-0.963 -1.238 -0.163 0 0 0
-1.713 1.188 -0.038 0 0 0
-1.888 0.838 0.463 0 0 0
-1.713 0.138 0.038 0 0 0
0.263 0.463 0.013 0 0 0
-2.738 -4.913 -0.263 0 0 0
-0.788 1.863 -0.163 0 0 0
-1.613 1.038 0.213 0 0 0
-1.088 -0.763 -0.263 0 0 0
-1.012 1.463 0.088 0 0 0
0.213 0.062 0.013 0 0 0
-1.888 1.513 0.213 0 0 0
-2.988 -4.438 0.488 0 0 0
-0.163 -0.738 -0.288 0 0 0
-1.863 1.413 0.163 0 0 0
-0.188 1.488 0.738 0 0 0
0.263 0.488 0.038 0 0 0
0.463 0.537 0.013 0 0 0
-1.438 -0.413 -0.163 0 0 0
0.338 0.663 0.038 0 0 0
-0.963 -2.163 -0.812 0 0 0
-1.413 0.312 0.013 0 0 0
-0.812 1.663 -0.138 0 0 0
-1.188 1.388 0.138 0 0 0
-1.812 0.863 0.388 0 0 0
-1.137 -0.688 0.013 0 0 0
-0.238 1.812 0.288 0 0 0
-1.663 1.088 -0.038 0 0 0
0.537 0.537 -0.062 0 0 0
-1.663 0.038 0.038 0 0 0
0.363 2.513 0.388 0 0 0
-1.263 -2.463 0.263 0 0 0
-1.938 0.863 -0.013 0 0 0
-1.938 0.863 -0.038 0 0 0
-0.988 -1.038 0.138 0 0 0
-1.113 -0.763 -0.013 0 0 0
-1.113 -0.763 -0.038 0 0 0
-2.838 -4.863 -0.363 0 0 0
-1.088 -0.863 -0.088 0 0 0
-1.062 -0.838 -0.363 0 0 0
-1.663 0.062 0.062 0 0 0
-1.188 -2.413 -0.188 0 0 0
-0.963 -1.238 0.163 0 0 0
-0.263 1.688 -0.163 0 0 0
-2.963 -4.188 -1.938 0 0 0
-0.963 -2.288 0.238 0 0 0
-1.863 0.913 0.138 0 0 0
0.213 -0.312 -0.062 0 0 0
-0.388 1.562 0.113 0 0 0
-1.788 1.913 0.363 0 0 0
-2.062 -2.938 0.338 0 0 0
-1.137 -2.388 -0.338 0 0 0
0.288 2.663 0.188 0 0 0
-1.188 -2.388 -0.163 0 0 0
-1.488 1.413 0.588 0 0 0
-2.913 -4.338 0.513 0 0 0
-1.463 -0.388 0.088 0 0 0
-1.038 -0.988 -0.113 0 0 0
-0.812 1.538 0.138 0 0 0
0.238 -0.113 -0.013 0 0 0
-0.263 1.463 0.738 0 0 0
0.238 -0.113 -0.038 0 0 0
-1.888 0.763 -0.013 0 0 0
-1.963 1.513 -0.062 0 0 0
-0.613 1.863 -0.138 0 0 0
-2.963 -4.163 -1.938 0 0 0
-1.088 1.388 0.263 0 0 0
-1.213 -0.513 -0.013 0 0 0
0.263 -0.188 -0.088 0 0 0
-1.613 -0.038 0.038 0 0 0
-0.438 1.613 -0.138 0 0 0
0.238 -0.288 -0.113 0 0 0
0.288 2.688 0.188 0 0 0
-0.238 1.588 0.613 0 0 0
-1.763 1.238 0.163 0 0 0
-1.113 -2.388 -0.138 0 0 0
-0.062 -0.438 0.038 0 0 0
-3.088 -4.263 0.513 0 0 0
-0.288 -0.812 -0.113 0 0 0
-1.538 0.163 0.062 0 0 0
-0.838 1.562 0.263 0 0 0
0.312 0.938 -0.088 0 0 0
0.312 2.438 1.188 0 0 0
-1.613 1.038 -0.038 0 0 0
-1.163 -0.638 -0.062 0 0 0
-0.263 1.688 0.163 0 0 0
-1.713 0.888 0.488 0 0 0
-1.863 1.413 -0.088 0 0 0
0.438 0.513 0.062 0 0 0
-2.938 -4.312 -1.562 0 0 0
-1.188 -0.513 0.013 0 0 0
-2.113 -2.913 -0.038 0 0 0
-1.163 -0.613 -0.013 0 0 0
-1.838 0.688 -0.013 0 0 0
-1.663 0.513 0.138 0 0 0
-0.788 1.938 -0.163 0 0 0
-1.137 -0.688 -0.238 0 0 0
0.213 2.963 1.438 0 0 0
-0.263 -0.812 0.088 0 0 0
0.513 0.288 -0.038 0 0 0
0.513 0.288 -0.013 0 0 0
-0.562 1.788 -0.163 0 0 0
-1.838 1.312 0.688 0 0 0
0.363 0.988 -0.113 0 0 0
0.113 -0.338 -0.138 0 0 0
-0.213 -0.788 -0.062 0 0 0
-0.562 1.812 -0.138 0 0 0
-1.012 1.438 0.138 0 0 0
0.312 0.663 0.013 0 0 0
-1.663 1.163 -0.038 0 0 0
-1.713 1.163 0.138 0 0 0
-0.388 1.562 -0.138 0 0 0
-1.788 1.913 0.113 0 0 0
-0.963 -1.188 0.138 0 0 0
-1.113 1.388 -0.088 0 0 0
-1.438 -0.438 0.038 0 0 0
0.338 0.638 0.238 0 0 0
-1.088 -0.788 -0.088 0 0 0
-0.812 1.538 -0.113 0 0 0
0.138 3.288 0.312 0 0 0
-0.763 1.738 0.688 0 0 0
0.288 0.838 0.312 0 0 0
-1.012 -1.038 0.113 0 0 0
-1.413 0.288 0.188 0 0 0
-1.062 -0.863 -0.288 0 0 0
-1.213 -0.463 -0.013 0 0 0
-1.038 -0.963 -0.338 0 0 0
-1.213 -0.463 -0.038 0 0 0
0.338 2.613 0.238 0 0 0
-0.113 1.388 0.688 0 0 0
-0.838 1.738 0.088 0 0 0
0.537 0.312 0.038 0 0 0
0.213 -0.338 0.013 0 0 0
-2.763 -4.812 0.562 0 0 0
-1.938 0.613 0.013 0 0 0
0.463 0.338 0.113 0 0 0
-1.663 1.062 0.138 0 0 0
-1.538 1.488 0.113 0 0 0
-0.163 1.513 0.138 0 0 0
-1.213 -0.438 -0.013 0 0 0
-1.213 -0.438 -0.038 0 0 0
-1.838 1.538 0.213 0 0 0
-1.863 1.463 -0.088 0 0 0
-1.638 1.062 0.213 0 0 0
-0.163 -0.763 0.088 0 0 0
-1.488 1.488 -0.113 0 0 0
-1.913 1.538 0.213 0 0 0
-0.263 1.738 0.138 0 0 0
-1.738 1.213 0.088 0 0 0
-0.288 1.638 0.113 0 0 0
0.163 0.613 0.288 0 0 0
-2.963 -4.513 -0.213 0 0 0
-1.888 0.713 0.113 0 0 0
-1.038 -0.988 -0.038 0 0 0
-1.663 1.538 -0.088 0 0 0
-2.788 -4.863 0.537 0 0 0
-1.038 -0.988 -0.013 0 0 0
-1.812 0.913 0.138 0 0 0
-1.513 1.463 0.288 0 0 0
-1.038 -2.312 -0.188 0 0 0
-1.488 1.513 -0.088 0 0 0
0.263 2.638 -0.263 0 0 0
-0.463 1.638 -0.138 0 0 0
-2.888 -4.638 0.537 0 0 0
-1.688 0.062 0.038 0 0 0
-1.538 0.138 0.113 0 0 0
-2.913 -4.638 -0.238 0 0 0
-0.988 1.588 0.188 0 0 0
-1.663 1.062 0.463 0 0 0
-1.012 1.438 -0.113 0 0 0
-1.812 0.938 0.138 0 0 0
-1.113 -0.713 -0.312 0 0 0
-1.088 -0.812 -0.363 0 0 0
-1.688 0.088 0.062 0 0 0
-0.288 -0.812 -0.038 0 0 0
0.038 3.013 1.163 0 0 0
-0.288 -0.812 -0.013 0 0 0
-1.088 -2.363 0.263 0 0 0
-1.788 1.913 -0.138 0 0 0
-1.388 0.238 0.013 0 0 0
-0.562 1.863 -0.163 0 0 0
0.388 2.312 1.113 0 0 0
-1.163 -0.638 0.013 0 0 0
0.263 0.438 -0.062 0 0 0
-1.012 1.513 0.163 0 0 0
-1.863 1.663 0.338 0 0 0
-1.538 -0.263 0.038 0 0 0
-1.838 0.663 0.013 0 0 0
-0.963 -2.138 -0.788 0 0 0
-0.988 -1.062 -0.038 0 0 0
-0.988 -1.062 -0.013 0 0 0
-1.688 1.012 0.138 0 0 0
-2.838 -4.737 0.537 0 0 0
0.312 0.738 0.013 0 0 0
0.463 0.513 -0.062 0 0 0
0.038 3.238 -0.312 0 0 0
-1.538 -0.238 0.062 0 0 0
-0.988 -2.312 -0.062 0 0 0
-1.012 -1.038 -0.138 0 0 0
-1.788 1.988 0.113 0 0 0
-0.463 1.613 0.163 0 0 0
-1.788 0.663 -0.013 0 0 0
-1.088 -0.838 -0.013 0 0 0
-1.238 -2.438 -0.163 0 0 0
-1.088 -0.838 -0.038 0 0 0
0.488 0.312 -0.038 0 0 0
-0.588 1.812 -0.163 0 0 0
0.488 0.312 -0.013 0 0 0
0.488 0.513 0.062 0 0 0
0.163 -0.338 -0.062 0 0 0
-1.137 -0.713 -0.062 0 0 0
0.513 0.288 0.038 0 0 0
-1.913 1.638 -0.088 0 0 0
0.338 0.588 0.263 0 0 0
0.312 2.488 0.938 0 0 0
-0.312 1.588 0.113 0 0 0
-0.963 1.663 -0.138 0 0 0
-1.438 -0.463 0.088 0 0 0
-0.838 1.812 0.088 0 0 0
-0.988 -1.163 0.138 0 0 0
0.338 0.613 0.288 0 0 0
-0.288 -0.738 -0.338 0 0 0
-1.113 -0.713 0.013 0 0 0
-1.638 1.062 -0.038 0 0 0
-1.488 -0.338 0.038 0 0 0
-1.738 1.113 0.588 0 0 0
0.338 2.413 0.913 0 0 0
-1.638 0.013 0.038 0 0 0
-0.163 -0.788 -0.062 0 0 0
-1.863 0.688 -0.013 0 0 0
-1.363 0.263 0.062 0 0 0
-0.288 1.638 -0.138 0 0 0
-1.038 -0.938 -0.038 0 0 0
-3.088 -4.038 -1.463 0 0 0
-2.788 -4.812 0.537 0 0 0
-1.038 -0.938 -0.013 0 0 0
-0.138 -0.788 0.062 0 0 0
-1.488 -0.312 0.062 0 0 0
-1.663 1.038 0.213 0 0 0
-1.137 1.562 0.188 0 0 0
-1.463 -0.413 0.013 0 0 0
-0.312 1.613 0.113 0 0 0
-0.363 1.438 0.713 0 0 0
-1.688 1.513 -0.088 0 0 0
-0.988 -2.312 0.263 0 0 0
-1.788 1.513 0.113 0 0 0
0.188 -0.338 -0.038 0 0 0
0.188 -0.338 -0.013 0 0 0
0.338 0.988 -0.113 0 0 0
-1.413 -0.113 0.062 0 0 0
-1.588 -0.088 0.062 0 0 0
-1.763 1.213 -0.038 0 0 0
-1.888 1.338 0.588 0 0 0
-1.062 -0.888 -0.113 0 0 0
-1.562 -0.188 0.013 0 0 0
-1.938 0.812 0.188 0 0 0
-0.938 -1.263 0.138 0 0 0
-1.863 1.338 0.713 0 0 0
-1.012 1.488 -0.113 0 0 0
0.238 3.363 0.288 0 0 0
-1.812 1.763 0.738 0 0 0
0.288 3.388 0.113 0 0 0
-1.038 -1.038 0.138 0 0 0
-1.163 -0.588 0.013 0 0 0
-1.163 1.413 0.738 0 0 0
-1.838 1.888 -0.113 0 0 0
-0.288 1.613 0.163 0 0 0
0.013 -0.388 0.038 0 0 0
-1.038 -2.337 -0.138 0 0 0
-0.638 1.838 -0.138 0 0 0
-2.863 -4.737 -0.312 0 0 0
-1.188 1.538 -0.113 0 0 0
-1.738 1.213 0.163 0 0 0
0.413 0.388 -0.062 0 0 0
-1.888 0.713 0.188 0 0 0
-1.812 0.913 0.213 0 0 0
-1.788 1.988 -0.138 0 0 0
-0.613 1.812 0.088 0 0 0
0.438 0.363 0.013 0 0 0
-1.388 0.312 0.013 0 0 0
-1.088 -0.838 -0.288 0 0 0
0.312 3.363 0.312 0 0 0
-1.038 -1.012 0.138 0 0 0
-1.838 0.938 0.113 0 0 0
0.312 0.613 -0.062 0 0 0
-1.113 -2.363 0.238 0 0 0
-1.613 1.513 0.788 0 0 0
-1.713 1.137 -0.062 0 0 0
-2.163 -4.038 0.438 0 0 0
-0.312 1.588 -0.138 0 0 0
-1.913 0.863 -0.013 0 0 0
-1.913 0.863 -0.038 0 0 0
-2.812 -4.863 0.562 0 0 0
-1.088 -0.763 -0.013 0 0 0
-1.613 1.538 0.812 0 0 0
-1.113 -0.713 -0.238 0 0 0
-1.562 1.513 0.113 0 0 0
0.363 2.337 1.113 0 0 0
0.338 0.413 -0.062 0 0 0
-1.088 -0.763 -0.038 0 0 0
-1.863 1.438 0.288 0 0 0
-2.113 -2.888 0.338 0 0 0
0.312 0.638 -0.062 0 0 0
-1.888 1.463 0.188 0 0 0
0.263 0.438 0.013 0 0 0
-1.663 1.038 -0.038 0 0 0
-1.238 -0.388 -0.163 0 0 0
-0.238 -0.812 -0.038 0 0 0
-0.238 -0.812 -0.013 0 0 0
-0.963 1.738 -0.138 0 0 0
-1.163 -2.388 -0.163 0 0 0
-1.688 1.012 0.213 0 0 0
-0.988 -1.088 0.138 0 0 0
-1.113 1.538 0.138 0 0 0
-0.113 3.188 0.238 0 0 0
0.463 0.513 0.013 0 0 0
-0.113 -0.688 -0.338 0 0 0
-1.062 1.363 0.562 0 0 0
-1.088 1.438 0.088 0 0 0
-1.038 1.438 -0.088 0 0 0
-0.413 1.588 0.163 0 0 0
-1.613 0.963 0.513 0 0 0
-1.863 0.763 -0.013 0 0 0
0.338 2.588 0.163 0 0 0
0.062 3.238 0.513 0 0 0
-1.188 1.363 0.138 0 0 0
0.163 0.688 0.038 0 0 0
-0.288 1.713 -0.138 0 0 0
0.537 0.288 -0.038 0 0 0
-1.588 1.488 0.288 0 0 0
-1.763 1.263 -0.062 0 0 0
0.213 3.088 1.188 0 0 0
-0.288 -0.763 -0.288 0 0 0
-1.938 0.888 0.213 0 0 0
0.288 0.438 0.062 0 0 0
-0.013 -0.413 -0.062 0 0 0
-0.988 1.638 0.838 0 0 0
-0.038 -0.413 -0.062 0 0 0
-1.163 -0.588 -0.238 0 0 0
-0.988 1.438 0.738 0 0 0
-1.863 0.663 0.013 0 0 0
-0.963 1.338 0.688 0 0 0
-1.413 -0.013 0.062 0 0 0
-0.062 -0.388 -0.163 0 0 0
0.338 2.438 1.188 0 0 0
-1.188 -2.438 -0.188 0 0 0
-0.838 1.588 0.163 0 0 0
-3.038 -4.438 -0.338 0 0 0
-1.688 0.888 0.488 0 0 0
-1.513 0.188 0.062 0 0 0
-0.438 1.562 -0.138 0 0 0
-0.812 1.588 0.288 0 0 0
-1.062 -0.913 -0.062 0 0 0
-1.463 0.413 0.013 0 0 0
1.888 -0.062 -0.062 0 0 0
-1.137 1.338 0.263 0 0 0
-1.163 1.613 -0.113 0 0 0
-1.613 -0.088 0.013 0 0 0
-1.812 0.688 -0.013 0 0 0
0.288 2.688 0.413 0 0 0
0.312 0.888 -0.088 0 0 0
-1.062 -2.363 -0.188 0 0 0
-1.938 0.588 0.288 0 0 0
-1.713 1.188 -0.062 0 0 0
-1.788 1.488 0.288 0 0 0
-1.788 1.288 0.188 0 0 0
-1.613 -0.062 0.038 0 0 0
-1.812 1.713 0.888 0 0 0
-1.638 1.513 -0.088 0 0 0
-1.763 1.263 0.263 0 0 0
-1.163 -0.663 -0.013 0 0 0
-1.163 -0.663 -0.038 0 0 0
-1.163 -0.588 0.088 0 0 0
-1.812 1.338 0.713 0 0 0
0.338 0.663 0.013 0 0 0
-0.988 -1.113 -0.138 0 0 0
-0.863 1.588 -0.113 0 0 0
-1.888 1.538 0.213 0 0 0
-2.963 -4.237 0.488 0 0 0
-1.513 -0.288 0.062 0 0 0
-1.413 0.338 0.013 0 0 0
-1.113 1.538 -0.113 0 0 0
-1.012 -1.188 -0.163 0 0 0
-1.238 -2.413 -0.138 0 0 0
0.062 -0.388 0.038 0 0 0
-0.988 -2.337 -0.138 0 0 0
-1.388 0.312 0.088 0 0 0
-0.188 1.538 0.763 0 0 0
0.163 -0.312 -0.038 0 0 0
0.163 -0.312 -0.013 0 0 0
-0.812 1.688 -0.138 0 0 0
-1.838 1.263 0.663 0 0 0
-1.388 0.288 0.188 0 0 0
-1.638 1.688 0.312 0 0 0
-1.088 -0.863 -0.113 0 0 0
-1.663 1.113 -0.038 0 0 0
-1.062 -0.838 -0.388 0 0 0
-0.963 -1.238 0.138 0 0 0
-2.988 -4.413 -0.213 0 0 0
-1.663 0.062 0.038 0 0 0
-1.938 0.888 -0.013 0 0 0
-0.738 1.763 0.713 0 0 0
0.513 0.263 -0.038 0 0 0
-0.562 1.812 0.088 0 0 0
0.513 0.263 -0.013 0 0 0
0.288 0.713 0.038 0 0 0
-1.938 0.888 -0.038 0 0 0
-0.113 -0.713 -0.263 0 0 0
-1.188 -2.388 -0.188 0 0 0
0.138 -0.363 -0.038 0 0 0
0.338 2.438 0.938 0 0 0
0.312 0.688 0.263 0 0 0
-1.363 0.238 0.013 0 0 0
-1.062 1.438 -0.113 0 0 0
0.138 -0.363 -0.013 0 0 0
-0.138 1.513 0.138 0 0 0
-1.488 -0.363 -0.013 0 0 0
-0.988 1.763 -0.138 0 0 0
-0.138 -0.763 0.088 0 0 0
-1.088 1.413 0.138 0 0 0
-0.113 3.163 0.288 0 0 0
-1.137 -2.363 -0.338 0 0 0
-1.963 1.513 -0.088 0 0 0
-0.938 -2.138 -0.788 0 0 0
-2.913 -4.312 0.513 0 0 0
0.188 3.312 0.238 0 0 0
-1.038 -0.963 -0.113 0 0 0
-1.062 -0.913 -0.312 0 0 0
-1.238 -0.413 0.013 0 0 0
0.238 -0.088 -0.013 0 0 0
0.238 -0.088 -0.038 0 0 0
-1.738 1.562 0.163 0 0 0
-2.938 -4.513 -0.213 0 0 0
0.238 -0.288 -0.138 0 0 0
-1.463 1.513 -0.088 0 0 0
-1.513 1.513 0.088 0 0 0
1.838 -0.088 -0.038 0 0 0
-1.913 0.812 0.463 0 0 0
-0.763 1.863 0.188 0 0 0
-0.588 1.838 0.188 0 0 0
-1.213 -0.488 -0.013 0 0 0
0.263 -0.163 -0.088 0 0 0
-1.788 1.288 -0.062 0 0 0
-1.938 0.663 0.163 0 0 0
-1.213 -0.488 -0.038 0 0 0
-1.638 1.012 0.213 0 0 0
-1.538 0.163 0.038 0 0 0
-2.062 0.913 -0.013 0 0 0
0.537 0.288 0.038 0 0 0
-2.062 0.913 -0.038 0 0 0
-1.213 -0.413 0.088 0 0 0
-0.613 1.888 -0.163 0 0 0
-1.613 1.038 -0.062 0 0 0
-1.562 -0.138 0.062 0 0 0
-0.763 1.888 0.213 0 0 0
-0.263 1.688 0.138 0 0 0
-1.888 1.513 -0.062 0 0 0
-1.938 1.513 0.113 0 0 0
-1.538 0.188 0.062 0 0 0
-3.038 -4.463 -0.288 0 0 0
-1.863 1.688 0.113 0 0 0
-0.113 3.163 -0.288 0 0 0
-1.913 1.488 0.188 0 0 0
-1.163 -0.613 -0.062 0 0 0
-0.238 -0.763 -0.288 0 0 0
-1.738 0.963 -0.038 0 0 0
-1.812 0.663 0.013 0 0 0
0.288 -0.163 -0.013 0 0 0
-1.763 1.938 -0.113 0 0 0
-1.938 0.562 0.338 0 0 0
0.338 0.763 -0.088 0 0 0
-3.088 -3.888 -1.812 0 0 0
-0.988 -1.038 -0.138 0 0 0
0.213 2.988 1.438 0 0 0
-0.788 1.838 -0.138 0 0 0
-0.413 1.438 0.713 0 0 0
-2.013 0.838 -0.013 0 0 0
0.513 0.513 0.062 0 0 0
-1.888 1.413 0.113 0 0 0
-0.562 1.812 -0.163 0 0 0
0.062 3.288 0.238 0 0 0
-0.938 1.638 0.163 0 0 0
-1.713 0.138 0.088 0 0 0
0.263 0.463 0.062 0 0 0
-2.938 -4.362 0.513 0 0 0
-1.763 1.788 0.913 0 0 0
-1.513 1.388 0.588 0 0 0
-0.213 1.688 0.288 0 0 0
-1.012 1.463 0.138 0 0 0
0.312 0.688 0.013 0 0 0
-1.788 1.938 0.113 0 0 0
-1.438 -0.413 -0.113 0 0 0
-0.963 -1.163 0.138 0 0 0
-1.413 0.312 0.062 0 0 0
-1.113 1.413 -0.088 0 0 0
-1.012 -2.337 -0.163 0 0 0
0.338 0.663 0.088 0 0 0
0.138 -0.312 -0.062 0 0 0
0.413 0.338 0.163 0 0 0
-0.812 1.538 0.763 0 0 0
-1.838 1.463 -0.062 0 0 0
-1.963 0.738 -0.013 0 0 0
-3.062 -4.038 -1.463 0 0 0
-1.012 -1.012 0.113 0 0 0
0.163 3.062 1.163 0 0 0
-1.913 0.613 0.113 0 0 0
-0.963 -2.312 0.263 0 0 0
-2.062 0.963 -0.038 0 0 0
-2.062 0.963 -0.013 0 0 0
-1.113 -0.763 0.013 0 0 0
-1.812 1.513 0.288 0 0 0
-1.938 0.638 0.013 0 0 0
-0.788 1.838 0.188 0 0 0
-1.538 1.488 0.088 0 0 0
-1.638 -0.038 0.038 0 0 0
-0.163 1.513 0.113 0 0 0
-1.188 -2.413 -0.138 0 0 0
0.312 0.663 0.312 0 0 0
-0.113 -0.763 -0.113 0 0 0
0.338 0.562 0.263 0 0 0
-0.388 1.562 0.163 0 0 0
-1.888 0.938 0.088 0 0 0
0.588 0.562 -0.062 0 0 0
-1.913 1.488 -0.062 0 0 0
-1.788 0.863 0.488 0 0 0
0.288 2.663 0.238 0 0 0
0.562 0.263 -0.038 0 0 0
0.238 -0.188 -0.113 0 0 0
-1.863 1.263 0.688 0 0 0
0.562 0.263 -0.013 0 0 0
-1.038 -0.988 -0.062 0 0 0
-0.163 1.613 0.263 0 0 0
0.238 -0.113 0.013 0 0 0
-1.488 -0.363 0.038 0 0 0
-2.038 0.963 0.163 0 0 0
-2.913 -4.513 0.488 0 0 0
-2.988 -4.213 -1.513 0 0 0
-1.038 -0.963 -0.038 0 0 0
-1.038 -0.963 -0.013 0 0 0
-1.488 1.538 -0.088 0 0 0
0.263 -0.188 -0.013 0 0 0
0.263 -0.188 -0.038 0 0 0
-1.588 -0.138 0.038 0 0 0
0.288 2.688 0.238 0 0 0
-1.688 1.538 0.163 0 0 0
-3.013 -4.288 0.488 0 0 0
-1.688 1.137 -0.038 0 0 0
-1.812 0.938 0.113 0 0 0
-2.888 -4.612 0.537 0 0 0
-1.863 1.288 0.688 0 0 0
-0.613 1.638 0.812 0 0 0
-1.863 1.388 -0.062 0 0 0
-1.538 0.163 0.113 0 0 0
-0.288 -0.812 -0.062 0 0 0
-2.913 -4.612 -0.238 0 0 0
-1.012 1.463 -0.113 0 0 0
-1.113 -0.688 -0.312 0 0 0
0.038 3.038 1.163 0 0 0
-1.688 0.113 0.062 0 0 0
0.088 -0.338 -0.138 0 0 0
-1.488 1.488 0.188 0 0 0
-0.788 1.713 0.688 0 0 0
-0.988 -1.062 -0.062 0 0 0
-1.088 -2.337 0.263 0 0 0
-1.388 0.263 0.013 0 0 0
-1.163 -0.613 0.013 0 0 0
-1.663 1.562 0.113 0 0 0
-1.538 -0.238 0.038 0 0 0
-1.113 -0.663 -0.288 0 0 0
-1.012 1.613 0.288 0 0 0
-0.138 1.363 0.688 0 0 0
0.062 3.263 0.312 0 0 0
0.488 0.513 0.038 0 0 0
-1.238 -2.438 -0.188 0 0 0
-1.012 -1.012 -0.138 0 0 0
0.038 3.263 -0.312 0 0 0
0.513 0.288 0.013 0 0 0
-1.913 0.812 -0.013 0 0 0
-1.763 1.213 0.513 0 0 0
-1.613 0.988 0.438 0 0 0
0.263 0.838 0.312 0 0 0
-0.963 -1.088 0.138 0 0 0
-0.988 -1.038 -0.062 0 0 0
-0.988 -1.238 -0.163 0 0 0
-1.788 1.613 -0.088 0 0 0
-1.812 1.312 -0.062 0 0 0
-0.163 1.513 -0.138 0 0 0
-1.888 1.413 0.188 0 0 0
0.513 0.312 0.038 0 0 0
-1.963 0.812 -0.013 0 0 0
-1.638 1.062 -0.062 0 0 0
0.312 0.663 0.062 0 0 0
-0.812 1.812 0.188 0 0 0
-0.562 1.863 0.138 0 0 0
-1.513 1.488 -0.088 0 0 0
-1.438 -0.438 0.088 0 0 0
-1.088 -0.788 -0.013 0 0 0
-1.088 -0.788 -0.038 0 0 0
-2.087 0.938 0.088 0 0 0
-1.488 -0.312 0.038 0 0 0
-1.713 0.988 0.113 0 0 0
-1.638 0.038 0.038 0 0 0
-1.863 0.713 -0.013 0 0 0
-0.988 -2.312 0.238 0 0 0
-1.213 -0.463 0.013 0 0 0
-0.963 1.463 0.763 0 0 0
0.263 -0.138 -0.013 0 0 0
0.263 -0.138 -0.038 0 0 0
-1.763 1.888 0.363 0 0 0
0.537 0.513 0.188 0 0 0
-1.763 1.213 -0.062 0 0 0
-0.838 1.738 0.138 0 0 0
-2.163 -2.713 -0.988 0 0 0
-0.713 1.863 -0.163 0 0 0
-0.988 1.363 0.688 0 0 0
-0.163 3.138 -0.288 0 0 0
-0.312 -0.838 -0.038 0 0 0
-0.312 -0.838 -0.013 0 0 0
0.188 -0.312 -0.038 0 0 0
-2.013 0.788 0.438 0 0 0
-1.438 0.413 0.013 0 0 0
-1.938 1.488 -0.088 0 0 0
-1.713 1.137 0.488 0 0 0
-1.763 1.513 0.188 0 0 0
-1.938 0.638 0.088 0 0 0
-1.538 1.488 0.163 0 0 0
-0.963 1.663 0.163 0 0 0
-1.213 -0.438 0.013 0 0 0
-1.012 1.513 -0.113 0 0 0
-0.988 1.388 0.713 0 0 0
0.263 -0.113 -0.013 0 0 0
0.263 -0.113 -0.038 0 0 0
-1.113 1.363 0.263 0 0 0
-0.938 1.688 -0.113 0 0 0
-0.113 -0.763 -0.038 0 0 0
-0.113 -0.763 -0.013 0 0 0
-1.038 -2.337 -0.163 0 0 0
-2.038 0.863 0.088 0 0 0
0.013 3.238 0.238 0 0 0
-1.738 1.213 0.138 0 0 0
-1.163 1.238 0.638 0 0 0
-0.288 1.638 0.163 0 0 0
0.263 0.738 -0.088 0 0 0
0.288 2.638 0.413 0 0 0
-0.812 1.538 0.263 0 0 0
-1.863 1.562 0.113 0 0 0
0.188 3.288 0.513 0 0 0
0.363 2.463 0.938 0 0 0
-1.838 0.938 0.088 0 0 0
-1.413 -0.488 -0.038 0 0 0
-1.413 -0.488 -0.013 0 0 0
-0.263 -0.812 -0.113 0 0 0
0.338 3.138 1.188 0 0 0
0.363 0.688 0.338 0 0 0
-1.763 1.213 0.263 0 0 0
-1.388 0.338 0.013 0 0 0
-0.812 1.688 0.663 0 0 0
-1.137 -0.638 -0.213 0 0 0
-1.688 0.062 0.088 0 0 0
-0.312 1.488 0.588 0 0 0
0.088 -0.363 -0.062 0 0 0
0.062 -0.338 -0.163 0 0 0
0.688 0.338 0.038 0 0 0
-0.988 -2.288 -0.338 0 0 0
0.338 0.613 0.013 0 0 0
-1.713 1.163 -0.062 0 0 0
-1.988 0.838 0.213 0 0 0
-1.388 0.238 0.062 0 0 0
-0.138 1.463 0.713 0 0 0
-0.963 -1.188 -0.062 0 0 0
0.338 3.163 1.188 0 0 0
0.288 2.663 -0.263 0 0 0
-2.238 -4.013 -0.312 0 0 0
-1.838 1.888 0.188 0 0 0
-1.438 -0.438 -0.163 0 0 0
-1.113 -0.688 -0.238 0 0 0
0.338 0.638 0.038 0 0 0
0.338 0.438 -0.062 0 0 0
-1.663 0.488 0.238 0 0 0
-0.238 -0.812 -0.062 0 0 0
0.263 0.812 0.388 0 0 0
-1.488 0.163 0.113 0 0 0
-0.113 3.213 0.113 0 0 0
-1.788 1.413 0.588 0 0 0
0.312 0.738 0.062 0 0 0
-1.137 -0.738 -0.013 0 0 0
-1.137 -0.738 -0.038 0 0 0
0.138 -0.338 -0.138 0 0 0
-1.663 1.538 0.288 0 0 0
-0.812 1.688 0.088 0 0 0
-1.663 1.137 0.088 0 0 0
-1.088 -0.838 0.013 0 0 0
0.488 0.312 0.013 0 0 0
0.163 0.688 0.013 0 0 0
-0.938 -2.288 -0.163 0 0 0
-1.038 1.463 -0.088 0 0 0
-1.038 -0.913 -0.312 0 0 0
-1.088 1.463 0.088 0 0 0
0.513 0.288 0.088 0 0 0
-1.663 1.062 -0.062 0 0 0
-0.938 -2.312 -0.062 0 0 0
-1.713 1.137 0.238 0 0 0
-0.312 1.588 0.163 0 0 0
-1.763 1.288 -0.062 0 0 0
-1.012 1.788 -0.138 0 0 0
0.213 3.113 1.188 0 0 0
-1.488 -0.338 0.088 0 0 0
-2.838 -4.713 -0.088 0 0 0
-0.013 -0.388 -0.062 0 0 0
-1.163 -0.562 -0.238 0 0 0
-0.988 1.463 0.738 0 0 0
-1.863 0.688 0.013 0 0 0
0.238 -0.138 -0.038 0 0 0
-1.938 1.562 -0.088 0 0 0
-1.438 0.388 0.088 0 0 0
-1.163 1.513 0.613 0 0 0
-0.188 -0.812 0.088 0 0 0
1.888 -0.062 -0.088 0 0 0
-1.038 -1.012 -0.138 0 0 0
-0.312 1.613 0.163 0 0 0
-1.213 -0.463 0.088 0 0 0
-1.788 1.513 0.163 0 0 0
0.188 -0.338 0.013 0 0 0
-3.038 -4.338 -0.213 0 0 0
0.312 2.388 1.163 0 0 0
-1.188 -2.238 -0.812 0 0 0
-1.562 -0.188 0.062 0 0 0
-1.062 -0.888 -0.062 0 0 0
-1.913 0.763 0.438 0 0 0
-1.137 1.363 0.263 0 0 0
-1.913 0.562 0.338 0 0 0
-1.613 -0.062 0.013 0 0 0
0.038 -0.388 -0.038 0 0 0
0.038 -0.388 -0.013 0 0 0
-1.062 -2.337 -0.188 0 0 0
0.312 0.913 -0.088 0 0 0
-0.938 -2.312 0.263 0 0 0
-1.913 1.438 0.188 0 0 0
-1.163 -0.663 -0.062 0 0 0
-1.913 0.588 0.363 0 0 0
-1.638 1.038 0.463 0 0 0
-1.888 1.463 -0.088 0 0 0
-1.088 1.312 0.537 0 0 0
-0.213 1.713 0.062 0 0 0
-1.863 0.663 0.312 0 0 0
0.413 0.363 -0.038 0 0 0
0.312 2.413 1.163 0 0 0
-1.763 1.288 0.263 0 0 0
-1.188 -0.562 -0.013 0 0 0
-1.188 -0.562 -0.038 0 0 0
-0.963 -1.113 -0.038 0 0 0
-0.688 1.838 0.088 0 0 0
-0.963 -1.113 -0.013 0 0 0
-0.562 1.713 0.688 0 0 0
-1.663 0.938 0.413 0 0 0
-0.988 -1.088 -0.138 0 0 0
0.363 0.388 0.163 0 0 0
0.363 2.538 0.238 0 0 0
-2.238 -4.038 0.438 0 0 0
-0.613 1.812 0.138 0 0 0
-1.388 0.312 0.062 0 0 0
-2.963 -4.213 0.488 0 0 0
-1.688 1.863 -0.113 0 0 0
-1.812 1.463 -0.062 0 0 0
-1.763 1.738 0.913 0 0 0
-0.838 1.788 -0.138 0 0 0
-1.413 0.238 0.038 0 0 0
-0.588 1.863 -0.138 0 0 0
-0.738 1.763 0.688 0 0 0
-1.513 -0.263 0.038 0 0 0
-0.812 1.463 0.738 0 0 0
-1.012 1.488 0.263 0 0 0
-0.988 1.713 0.688 0 0 0
-0.188 2.938 1.137 0 0 0
-1.088 -0.763 0.013 0 0 0
-1.163 -2.163 -1.012 0 0 0
0.138 -0.363 -0.062 0 0 0
0.288 0.738 0.038 0 0 0
-1.113 -0.738 -0.088 0 0 0
-0.963 1.713 -0.113 0 0 0
-1.738 1.188 0.513 0 0 0
-0.812 1.663 0.138 0 0 0
-1.012 -1.188 0.138 0 0 0
0.338 0.688 0.338 0 0 0
-0.537 1.763 -0.138 0 0 0
-1.088 1.438 0.138 0 0 0
-0.113 3.188 0.288 0 0 0
0.463 0.513 0.062 0 0 0
-1.113 1.538 0.188 0 0 0
-1.938 0.588 0.013 0 0 0
-0.263 1.513 0.588 0 0 0
0.188 3.338 0.238 0 0 0
-1.463 -0.363 0.038 0 0 0
-1.062 -0.888 -0.312 0 0 0
-0.812 1.688 0.163 0 0 0
0.388 2.538 -0.238 0 0 0
-0.062 3.213 0.113 0 0 0
0.338 2.588 0.213 0 0 0
-0.263 -0.738 -0.338 0 0 0
-0.163 1.538 0.238 0 0 0
0.537 0.288 0.013 0 0 0
-0.838 1.788 0.188 0 0 0
-0.763 1.888 0.188 0 0 0
-1.913 1.438 -0.062 0 0 0
-0.263 1.638 -0.138 0 0 0
-1.163 -0.588 -0.188 0 0 0
-1.538 0.188 0.038 0 0 0
-1.038 -1.038 -0.062 0 0 0
-0.988 1.463 -0.088 0 0 0
-0.163 2.838 1.388 0 0 0
-1.463 1.338 0.713 0 0 0
-1.913 1.488 0.163 0 0 0
-2.788 -4.812 -0.238 0 0 0
-1.062 -0.938 -0.038 0 0 0
-1.062 -0.938 -0.013 0 0 0
-0.888 -2.288 -0.188 0 0 0
-1.012 -0.988 -0.338 0 0 0
-0.988 -1.088 -0.388 0 0 0
-0.113 3.188 -0.288 0 0 0
-1.763 1.938 -0.138 0 0 0
-0.963 -2.062 -0.963 0 0 0
-1.463 0.413 0.062 0 0 0
-1.613 -0.088 0.062 0 0 0
0.513 0.537 -0.062 0 0 0
-1.812 0.688 0.013 0 0 0
-0.188 1.613 0.613 0 0 0
-0.238 1.613 0.788 0 0 0
-1.863 1.338 -0.062 0 0 0
-1.062 -2.363 -0.138 0 0 0
-1.763 1.963 -0.113 0 0 0
-1.863 1.613 0.163 0 0 0
-1.888 0.863 0.388 0 0 0
-1.888 1.338 0.713 0 0 0
-1.012 -0.963 -0.338 0 0 0
-1.137 -0.663 -0.288 0 0 0
0.038 -0.388 0.038 0 0 0
-0.788 1.863 -0.138 0 0 0
-1.663 0.913 0.488 0 0 0
-0.788 1.838 0.738 0 0 0
-2.013 0.863 -0.013 0 0 0
-0.963 -2.038 -0.963 0 0 0
-2.288 -3.638 -1.688 0 0 0
0.688 0.312 -0.038 0 0 0
0.388 2.288 1.113 0 0 0
-1.888 0.688 0.312 0 0 0
-1.163 -0.663 0.013 0 0 0
-1.688 1.113 -0.038 0 0 0
-1.838 1.663 -0.113 0 0 0
-2.988 -4.438 0.513 0 0 0
-1.863 1.413 0.188 0 0 0
0.263 0.488 0.062 0 0 0
-0.213 1.713 0.138 0 0 0
0.312 0.763 0.113 0 0 0
-0.963 -2.163 -0.788 0 0 0
0.413 0.363 0.038 0 0 0
0.338 0.663 0.062 0 0 0
-3.013 -4.088 -1.888 0 0 0
-0.812 1.562 0.638 0 0 0
-0.812 1.663 -0.113 0 0 0
-1.838 1.463 -0.088 0 0 0
-2.938 -4.338 0.488 0 0 0
-0.963 -1.137 0.138 0 0 0
-1.413 0.338 0.062 0 0 0
-0.062 -0.413 -0.062 0 0 0
0.413 2.513 0.238 0 0 0
-0.113 1.438 0.562 0 0 0
0.413 -0.038 -0.013 0 0 0
0.413 -0.038 -0.038 0 0 0
0.163 -0.312 0.013 0 0 0
-2.838 -4.863 -0.338 0 0 0
-0.788 1.838 0.163 0 0 0
-1.062 1.312 0.663 0 0 0
-1.663 0.062 0.088 0 0 0
-0.863 1.738 0.312 0 0 0
0.213 -0.288 -0.138 0 0 0
-0.312 -0.812 -0.113 0 0 0
0.513 0.263 0.013 0 0 0
-0.963 -2.288 0.263 0 0 0
-1.763 1.538 0.113 0 0 0
-1.788 1.588 -0.088 0 0 0
0.288 3.388 -0.338 0 0 0
0.312 0.413 -0.062 0 0 0
-0.788 1.863 0.188 0 0 0
-1.913 1.488 -0.088 0 0 0
-1.562 0.163 0.038 0 0 0
-1.913 0.638 0.088 0 0 0
-0.663 1.812 0.312 0 0 0
0.312 0.688 0.312 0 0 0
-1.363 0.238 0.062 0 0 0
-0.113 -0.738 -0.113 0 0 0
-1.838 1.638 0.312 0 0 0
0.338 0.388 0.163 0 0 0
-1.488 -0.363 0.013 0 0 0
0.163 3.312 -0.312 0 0 0
0.363 2.538 -0.263 0 0 0
-0.363 1.413 0.713 0 0 0
-0.413 1.562 0.263 0 0 0
0.188 3.312 0.288 0 0 0
-1.038 -0.963 -0.062 0 0 0
-1.163 -2.388 -0.038 0 0 0
-1.238 -0.413 0.062 0 0 0
0.238 -0.088 0.013 0 0 0
-0.263 -0.763 -0.288 0 0 0
-0.062 -0.413 -0.013 0 0 0
-0.062 -0.413 -0.038 0 0 0
-0.938 1.538 0.638 0 0 0
-0.113 1.538 0.138 0 0 0
-1.863 1.388 -0.088 0 0 0
-1.538 0.163 0.088 0 0 0
0.288 2.713 0.238 0 0 0
0.088 -0.338 -0.163 0 0 0
-1.863 1.413 -0.062 0 0 0
-1.538 0.188 0.113 0 0 0
-0.638 1.812 -0.138 0 0 0
1.913 -0.062 -0.062 0 0 0
-0.788 1.938 -0.138 0 0 0
-2.013 0.938 -0.013 0 0 0
-2.013 0.938 -0.038 0 0 0
-1.137 -0.688 -0.213 0 0 0
0.288 -0.163 0.013 0 0 0
-0.138 1.388 0.688 0 0 0
-1.763 1.413 0.588 0 0 0
-1.588 1.388 0.588 0 0 0
-1.113 -0.763 -0.263 0 0 0
-0.213 -0.788 -0.038 0 0 0
-1.888 1.413 0.163 0 0 0
-0.963 -1.238 -0.062 0 0 0
0.513 0.312 0.013 0 0 0
-1.838 1.538 -0.088 0 0 0
0.113 3.288 0.113 0 0 0
0.312 0.663 0.038 0 0 0
-1.088 1.513 -0.113 0 0 0
-1.137 -0.663 -0.213 0 0 0
0.562 0.537 -0.062 0 0 0
-0.312 1.463 0.588 0 0 0
0.213 -0.213 -0.113 0 0 0
-2.087 0.963 -0.013 0 0 0
-3.013 -4.463 -0.213 0 0 0
-2.087 0.963 -0.038 0 0 0
-1.963 0.838 -0.013 0 0 0
-1.513 1.488 -0.113 0 0 0
0.312 0.688 0.062 0 0 0
-0.763 1.988 -0.163 0 0 0
-1.963 0.913 0.088 0 0 0
-1.812 0.838 0.463 0 0 0
-1.713 0.988 0.088 0 0 0
-0.138 -0.763 -0.113 0 0 0
-1.012 -1.038 0.138 0 0 0
-0.788 1.638 0.838 0 0 0
-1.638 1.113 -0.038 0 0 0
-0.788 1.438 0.738 0 0 0
0.513 0.238 0.088 0 0 0
0.562 0.562 -0.062 0 0 0
-1.137 -0.688 0.113 0 0 0
-0.738 1.838 0.088 0 0 0
0.537 0.537 0.038 0 0 0
-1.588 1.463 0.288 0 0 0
-0.312 -0.838 -0.062 0 0 0
-1.913 0.613 0.163 0 0 0
-1.763 1.238 -0.062 0 0 0
-1.288 -2.438 0.263 0 0 0
-1.763 1.513 0.163 0 0 0
-1.913 1.363 0.713 0 0 0
0.263 -0.113 -0.062 0 0 0
0.312 0.388 0.138 0 0 0
-2.963 -4.538 -0.213 0 0 0
0.238 -0.213 -0.088 0 0 0
-0.113 -0.763 -0.062 0 0 0
-1.938 1.513 -0.088 0 0 0
0.013 3.263 0.113 0 0 0
0.213 -0.312 0.038 0 0 0
-1.763 1.538 0.188 0 0 0
-1.863 1.688 -0.088 0 0 0
0.288 0.688 0.263 0 0 0
-1.188 -0.513 -0.213 0 0 0
-1.163 -0.613 -0.263 0 0 0
-0.988 1.413 0.713 0 0 0
0.263 -0.088 -0.013 0 0 0
0.263 -0.088 -0.038 0 0 0
-1.012 1.312 0.663 0 0 0
-0.013 3.013 1.163 0 0 0
0.312 2.562 0.238 0 0 0
0.562 0.263 0.013 0 0 0
-0.838 1.638 0.288 0 0 0
-2.788 -4.863 0.562 0 0 0
-0.338 1.588 0.062 0 0 0
-1.188 -0.488 -0.188 0 0 0
-1.213 1.363 -0.088 0 0 0
-1.938 0.613 0.363 0 0 0
-1.788 1.238 0.138 0 0 0
-1.638 0.963 0.413 0 0 0
-1.888 1.413 -0.088 0 0 0
-0.363 1.562 0.263 0 0 0
-0.763 1.863 0.312 0 0 0
-1.012 1.438 -0.088 0 0 0
-1.763 1.238 0.263 0 0 0
-1.113 -2.388 -0.038 0 0 0
-1.688 0.088 0.088 0 0 0
-1.663 1.663 0.113 0 0 0
-1.788 1.913 -0.113 0 0 0
-0.013 3.263 -0.288 0 0 0
-0.913 1.663 0.288 0 0 0
-1.638 0.988 0.438 0 0 0
0.013 3.213 0.513 0 0 0
-1.812 1.613 -0.088 0 0 0
-1.137 1.263 0.537 0 0 0
0.338 0.638 0.013 0 0 0
-1.137 1.562 -0.113 0 0 0
-1.688 0.113 0.113 0 0 0
-0.888 1.638 -0.113 0 0 0
0.213 0.038 -0.013 0 0 0
0.338 2.538 -0.263 0 0 0
-1.888 1.488 0.163 0 0 0
-1.388 0.263 0.062 0 0 0
-0.312 -0.738 -0.363 0 0 0
-1.088 1.288 0.537 0 0 0
-1.062 -2.188 -0.812 0 0 0
0.312 0.738 0.038 0 0 0
-1.538 -0.238 0.088 0 0 0
0.038 3.238 -0.288 0 0 0
-1.188 1.588 0.088 0 0 0
-1.413 0.363 0.088 0 0 0
-1.238 -2.438 -0.138 0 0 0
-0.838 1.738 -0.138 0 0 0
-0.588 1.812 -0.138 0 0 0
-0.188 1.613 -0.138 0 0 0
0.163 -0.338 -0.038 0 0 0
0.163 -0.338 -0.013 0 0 0
-0.938 -2.288 -0.188 0 0 0
-1.513 -0.312 0.038 0 0 0
-0.788 1.513 0.763 0 0 0
0.513 0.488 0.163 0 0 0
-0.738 1.838 -0.163 0 0 0
-1.113 -2.413 0.263 0 0 0
-1.913 0.888 0.138 0 0 0
-1.763 1.513 -0.088 0 0 0
-0.963 1.663 -0.113 0 0 0
-0.812 1.413 0.713 0 0 0
-1.638 0.013 0.062 0 0 0
-1.938 0.738 -0.013 0 0 0
-1.012 1.812 -0.138 0 0 0
-0.988 1.688 0.688 0 0 0
-0.138 -0.788 0.088 0 0 0
-1.838 1.488 0.288 0 0 0
-2.087 0.938 0.138 0 0 0
-1.488 -0.312 0.088 0 0 0
0.312 2.513 0.963 0 0 0
0.537 0.488 0.213 0 0 0
-1.463 -0.413 0.038 0 0 0
0.188 3.288 0.238 0 0 0
-0.312 1.613 0.138 0 0 0
-2.038 0.963 -0.038 0 0 0
-2.038 0.963 -0.013 0 0 0
-0.263 1.838 0.062 0 0 0
0.263 -0.138 0.013 0 0 0
-0.188 -0.788 0.088 0 0 0
-1.838 1.513 0.312 0 0 0
-1.562 -0.188 0.038 0 0 0
-0.838 1.738 0.188 0 0 0
0.038 -0.363 -0.163 0 0 0
-0.988 1.613 -0.138 0 0 0
-0.588 1.812 0.188 0 0 0
-2.913 -4.463 0.513 0 0 0
-0.938 -1.263 0.163 0 0 0
-1.538 1.463 0.188 0 0 0
-1.888 0.913 0.213 0 0 0
-0.513 1.788 0.088 0 0 0
0.188 -0.312 0.013 0 0 0
-1.663 1.062 0.238 0 0 0
-1.888 1.688 -0.113 0 0 0
0.238 -0.238 -0.013 0 0 0
-0.988 -1.163 -0.413 0 0 0
-1.913 1.438 0.163 0 0 0
0.238 -0.238 -0.038 0 0 0
-1.863 0.863 0.388 0 0 0
-0.163 1.513 0.238 0 0 0
0.263 -0.113 0.013 0 0 0
0.562 0.238 0.062 0 0 0
-2.038 0.863 0.138 0 0 0
-1.913 1.538 0.312 0 0 0
-1.088 1.338 0.537 0 0 0
-1.863 0.688 0.312 0 0 0
0.013 3.238 0.288 0 0 0
-1.238 1.363 -0.088 0 0 0
0.413 0.388 -0.038 0 0 0
0.363 0.388 0.138 0 0 0
-1.188 -0.537 -0.013 0 0 0
-0.988 -1.137 -0.413 0 0 0
-1.012 1.613 0.088 0 0 0
-1.188 -0.537 -0.038 0 0 0
-1.788 1.988 -0.113 0 0 0
0.062 3.263 0.113 0 0 0
-1.713 1.538 0.188 0 0 0
0.438 0.363 0.038 0 0 0
-2.988 -4.288 0.488 0 0 0
-0.138 -0.688 -0.338 0 0 0
-1.788 0.938 -0.038 0 0 0
-1.788 0.938 -0.013 0 0 0
-1.413 -0.488 0.013 0 0 0
-1.863 0.713 0.338 0 0 0
-1.838 0.938 0.138 0 0 0
0.062 -0.363 -0.138 0 0 0
-0.263 -0.812 -0.062 0 0 0
-1.763 0.938 0.088 0 0 0
-1.763 1.963 0.113 0 0 0
-0.238 1.562 0.763 0 0 0
-2.888 -4.612 -0.238 0 0 0
-1.113 1.463 0.588 0 0 0
-1.713 1.137 -0.038 0 0 0
-1.513 -0.263 0.013 0 0 0
-0.638 1.638 0.812 0 0 0
-1.863 1.363 0.188 0 0 0
-0.988 1.588 0.288 0 0 0
-0.838 1.812 -0.138 0 0 0
-0.988 -1.163 -0.088 0 0 0
0.363 2.337 1.137 0 0 0
0.338 0.413 -0.038 0 0 0
-0.562 1.763 0.688 0 0 0
-0.738 1.913 -0.163 0 0 0
0.638 0.263 -0.038 0 0 0
0.288 0.738 0.013 0 0 0
-1.713 0.113 0.062 0 0 0
0.263 0.438 0.038 0 0 0
-1.838 1.888 0.238 0 0 0
-1.438 -0.438 -0.113 0 0 0
-1.312 -2.463 -0.038 0 0 0
0.338 0.638 0.088 0 0 0
-1.238 -0.388 -0.138 0 0 0
-1.763 1.588 -0.088 0 0 0
-0.812 1.613 -0.138 0 0 0
0.338 0.688 0.312 0 0 0
-1.113 1.538 0.163 0 0 0
0.463 0.513 0.038 0 0 0
0.513 0.463 0.213 0 0 0
-1.213 -0.463 -0.188 0 0 0
-1.137 -0.738 0.013 0 0 0
0.312 0.738 0.113 0 0 0
0.338 2.613 0.088 0 0 0
-0.812 1.688 0.138 0 0 0
-1.938 0.812 -0.013 0 0 0
0.312 0.812 0.388 0 0 0
-1.188 1.363 0.163 0 0 0
-1.012 -2.188 -0.812 0 0 0
0.163 0.688 0.062 0 0 0
-1.888 0.913 -0.013 0 0 0
-1.088 1.463 0.138 0 0 0
-1.888 0.913 -0.038 0 0 0
0.463 0.338 -0.038 0 0 0
0.038 2.913 1.438 0 0 0
0.463 0.338 -0.013 0 0 0
-0.788 1.812 0.188 0 0 0
-0.838 1.788 0.163 0 0 0
-2.138 -2.938 0.338 0 0 0
-1.062 1.263 0.638 0 0 0
-1.913 1.438 -0.088 0 0 0
-2.087 0.913 0.213 0 0 0
-0.062 3.238 0.113 0 0 0
-0.013 -0.413 -0.038 0 0 0
-0.038 -0.413 -0.038 0 0 0
-1.012 -2.163 -0.788 0 0 0
-0.013 -0.413 -0.013 0 0 0
-0.038 -0.413 -0.013 0 0 0
0.263 -0.062 0.013 0 0 0
0.238 0.888 -0.088 0 0 0
-0.838 1.613 0.088 0 0 0
-2.888 -4.463 0.488 0 0 0
-1.188 -2.438 -0.163 0 0 0
-1.688 0.913 0.413 0 0 0
-1.713 1.513 -0.088 0 0 0
-1.688 1.388 0.738 0 0 0
-1.738 1.213 -0.062 0 0 0
-2.788 -4.788 -0.238 0 0 0
-1.888 0.713 -0.013 0 0 0
-1.963 1.463 -0.062 0 0 0
0.113 3.263 -0.312 0 0 0
-0.613 1.812 -0.138 0 0 0
-1.062 -0.913 -0.038 0 0 0
0.238 0.913 -0.088 0 0 0
1.888 -0.062 -0.038 0 0 0
-0.888 -2.263 -0.188 0 0 0
-1.763 1.963 -0.138 0 0 0
-1.988 0.938 -0.013 0 0 0
-1.988 0.938 -0.038 0 0 0
-1.613 -0.062 0.062 0 0 0
-1.863 1.363 -0.062 0 0 0
-0.288 -0.838 -0.062 0 0 0
-1.062 -2.337 -0.138 0 0 0
-0.663 1.838 -0.138 0 0 0
-0.213 3.163 0.238 0 0 0
0.688 0.312 -0.062 0 0 0
-1.688 1.113 -0.062 0 0 0
-0.263 1.713 0.288 0 0 0
0.413 0.363 0.013 0 0 0
-1.088 -0.738 -0.238 0 0 0
-1.188 -0.562 0.013 0 0 0
-0.288 1.613 0.263 0 0 0
-0.963 -1.213 -0.163 0 0 0
-1.012 -2.312 -0.338 0 0 0
-1.513 -0.288 0.088 0 0 0
-1.438 -0.388 -0.138 0 0 0
0.413 0.388 0.038 0 0 0
-1.863 1.513 0.312 0 0 0
0.338 0.688 0.062 0 0 0
-1.113 1.538 -0.088 0 0 0
-0.812 1.588 0.638 0 0 0
-2.188 -4.013 -0.562 0 0 0
-0.613 1.812 0.188 0 0 0
0.312 2.638 -0.263 0 0 0
-1.188 1.363 -0.088 0 0 0
-2.812 -4.838 -0.338 0 0 0
0.062 -0.363 -0.062 0 0 0
-1.763 1.963 0.188 0 0 0
-2.812 -4.863 -0.238 0 0 0
-0.988 -1.188 -0.013 0 0 0
-2.087 0.913 -0.013 0 0 0
-2.087 0.913 -0.038 0 0 0
-1.513 -0.263 0.088 0 0 0
0.288 0.713 0.062 0 0 0
-1.538 1.513 -0.088 0 0 0
-1.137 -0.663 0.013 0 0 0
-0.788 1.863 0.163 0 0 0
-1.913 0.663 -0.013 0 0 0
-0.138 1.538 0.062 0 0 0
-1.488 -0.338 -0.113 0 0 0
-1.062 1.438 -0.088 0 0 0
-1.113 -0.738 -0.013 0 0 0
-1.113 -0.738 -0.038 0 0 0
-1.363 0.238 0.038 0 0 0
0.338 0.388 0.138 0 0 0
0.312 0.438 -0.062 0 0 0
0.338 3.013 1.463 0 0 0
-0.113 3.163 0.312 0 0 0
-1.088 1.413 0.163 0 0 0
0.163 3.312 -0.338 0 0 0
-0.812 1.663 0.188 0 0 0
-0.188 3.163 -0.288 0 0 0
0.163 0.663 0.113 0 0 0
0.363 2.562 -0.263 0 0 0
-1.137 -0.738 0.088 0 0 0
-1.812 0.963 -0.038 0 0 0
-1.513 1.513 0.113 0 0 0
-1.463 -0.363 0.088 0 0 0
0.238 3.338 0.113 0 0 0
-0.938 1.538 0.613 0 0 0
0.138 0.688 0.013 0 0 0
0.188 3.338 0.288 0 0 0
0.288 0.413 0.138 0 0 0
-1.113 1.463 0.088 0 0 0
-0.988 1.338 0.688 0 0 0
0.263 -0.163 -0.062 0 0 0
-0.413 1.588 0.263 0 0 0
-1.062 1.463 -0.088 0 0 0
-0.113 1.538 0.113 0 0 0
-2.013 0.763 0.438 0 0 0
-1.663 1.688 -0.113 0 0 0
-2.763 -4.938 -0.263 0 0 0
-2.838 -4.487 -1.638 0 0 0
-2.812 -4.763 -0.663 0 0 0
-0.013 -0.413 0.038 0 0 0
-0.038 -0.413 0.038 0 0 0
-1.163 -2.413 0.263 0 0 0
-1.538 0.188 0.088 0 0 0
-0.213 1.713 -0.138 0 0 0
-0.738 1.863 0.312 0 0 0
-0.638 1.812 -0.163 0 0 0
0.613 0.288 -0.038 0 0 0
-0.613 1.688 0.663 0 0 0
-1.913 1.488 0.213 0 0 0
-0.963 1.638 0.138 0 0 0
-1.188 1.613 -0.113 0 0 0
-1.488 0.413 0.013 0 0 0
-0.438 1.463 0.713 0 0 0
-0.888 -2.288 -0.138 0 0 0
0.288 0.888 -0.088 0 0 0
-1.463 0.388 0.088 0 0 0
-3.088 -3.888 -1.788 0 0 0
-0.463 1.588 -0.138 0 0 0
-0.213 3.138 0.312 0 0 0
-1.163 -2.388 0.263 0 0 0
-1.463 0.213 0.013 0 0 0
0.438 0.338 -0.038 0 0 0
0.438 0.338 -0.013 0 0 0
-1.763 0.963 0.113 0 0 0
0.213 2.988 1.463 0 0 0
-1.163 1.588 0.088 0 0 0
-1.838 0.713 -0.013 0 0 0
-1.238 -2.388 -0.338 0 0 0
-0.963 -1.238 -0.088 0 0 0
-1.188 -0.588 0.088 0 0 0
-1.588 1.413 0.588 0 0 0
0.288 0.913 -0.088 0 0 0
-0.938 1.638 0.188 0 0 0
-1.562 0.438 0.013 0 0 0
-1.713 0.138 0.113 0 0 0
-1.913 0.663 0.013 0 0 0
-1.137 1.513 -0.113 0 0 0
-2.263 -4.062 0.438 0 0 0
0.388 -0.038 -0.013 0 0 0
0.388 -0.038 -0.038 0 0 0
-0.688 1.788 0.312 0 0 0
-1.012 1.463 0.163 0 0 0
0.113 3.312 0.113 0 0 0
0.312 0.688 0.038 0 0 0
-1.713 0.163 0.138 0 0 0
-1.012 1.538 0.288 0 0 0
-1.738 1.538 -0.088 0 0 0
-0.988 -1.113 -0.038 0 0 0
-0.988 -1.113 -0.013 0 0 0
-0.588 1.713 0.688 0 0 0
-0.163 3.163 0.238 0 0 0
-1.838 0.888 0.388 0 0 0
-1.388 0.213 0.038 0 0 0
-1.763 1.913 0.213 0 0 0
-0.788 1.638 0.812 0 0 0
0.013 3.188 0.513 0 0 0
-1.638 1.113 -0.062 0 0 0
-1.888 1.538 0.312 0 0 0
-1.137 1.538 -0.113 0 0 0
-1.913 0.738 -0.013 0 0 0
-1.137 -0.688 0.088 0 0 0
0.463 0.363 0.013 0 0 0
-1.012 -1.188 -0.062 0 0 0
0.488 0.263 -0.038 0 0 0
-1.012 -1.012 0.138 0 0 0
0.537 0.537 0.013 0 0 0
-2.863 -4.538 -1.638 0 0 0
-1.238 -2.413 -0.038 0 0 0
0.163 3.062 1.188 0 0 0
-2.963 -4.413 0.513 0 0 0
-0.113 1.538 -0.138 0 0 0
-2.913 -4.588 -0.638 0 0 0
-0.188 1.638 0.113 0 0 0
-0.963 1.513 0.613 0 0 0
-1.688 1.663 -0.088 0 0 0
-0.288 1.788 -0.163 0 0 0
-1.638 -0.038 0.062 0 0 0
-1.062 -0.838 -0.288 0 0 0
-1.363 0.213 0.088 0 0 0
-1.863 0.913 0.213 0 0 0
-0.988 -1.213 0.138 0 0 0
-1.137 -0.663 0.088 0 0 0
0.213 -0.312 0.013 0 0 0
-0.988 1.438 0.588 0 0 0
-1.863 1.688 -0.113 0 0 0
-1.738 0.863 0.488 0 0 0
-0.963 1.638 -0.113 0 0 0
-1.562 0.163 0.088 0 0 0
0.238 -0.188 -0.088 0 0 0
-1.638 1.088 0.238 0 0 0
-2.913 -4.562 -0.638 0 0 0
-1.213 -0.537 0.013 0 0 0
-0.138 1.513 0.238 0 0 0
-1.188 -0.488 -0.213 0 0 0
-2.913 -4.513 0.513 0 0 0
-0.988 -1.012 -0.463 0 0 0
-1.588 -0.113 -0.013 0 0 0
-0.988 -1.038 -0.363 0 0 0
-1.413 -0.163 0.062 0 0 0
-1.588 -0.138 0.062 0 0 0
0.363 0.438 -0.062 0 0 0
0.537 0.263 0.113 0 0 0
-3.013 -4.288 0.513 0 0 0
-1.113 -2.363 -0.163 0 0 0
-1.213 1.388 -0.088 0 0 0
-0.513 1.788 0.312 0 0 0
-0.238 1.713 -0.163 0 0 0
-1.012 -1.113 -0.388 0 0 0
-1.538 0.163 0.138 0 0 0
-0.013 3.263 -0.312 0 0 0
-0.763 1.888 0.312 0 0 0
-1.012 1.463 -0.088 0 0 0
-1.088 -0.788 -0.338 0 0 0
-1.688 0.113 0.088 0 0 0
0.312 0.763 -0.088 0 0 0
-1.188 -0.513 0.088 0 0 0
-1.113 1.388 0.562 0 0 0
-1.538 -0.213 -0.038 0 0 0
-1.913 1.488 0.288 0 0 0
-1.812 1.638 -0.088 0 0 0
-1.137 1.288 0.537 0 0 0
-1.788 0.963 0.088 0 0 0
-0.238 1.513 0.763 0 0 0
-1.812 1.888 0.238 0 0 0
-1.812 0.663 0.113 0 0 0
-0.963 -1.137 -0.062 0 0 0
0.663 0.288 -0.038 0 0 0
-2.812 -4.713 0.537 0 0 0
-1.513 -0.312 0.013 0 0 0
0.038 3.263 -0.288 0 0 0
0.488 0.537 -0.062 0 0 0
-2.062 0.863 0.488 0 0 0
0.363 2.513 0.213 0 0 0
-0.988 -1.038 -0.038 0 0 0
-1.913 0.888 0.113 0 0 0
-1.088 1.488 -0.088 0 0 0
-0.188 1.638 -0.138 0 0 0
-1.163 1.588 0.163 0 0 0
-0.163 3.138 0.312 0 0 0
-1.738 1.137 0.488 0 0 0
-1.113 -2.388 0.263 0 0 0
-1.763 1.713 0.888 0 0 0
-1.863 0.913 -0.013 0 0 0
-1.088 -0.812 -0.013 0 0 0
-1.413 0.213 0.013 0 0 0
0.488 0.338 -0.038 0 0 0
0.263 0.463 0.163 0 0 0
-1.788 1.913 0.188 0 0 0
-1.863 0.913 -0.038 0 0 0
0.488 0.338 -0.013 0 0 0
-1.763 1.538 -0.088 0 0 0
-1.088 -0.812 -0.038 0 0 0
-1.863 1.388 0.288 0 0 0
-2.113 -2.938 0.338 0 0 0
-1.188 -2.388 -0.338 0 0 0
-0.738 1.713 0.863 0 0 0
-1.963 0.913 0.138 0 0 0
-1.713 0.988 0.138 0 0 0
-1.638 0.038 0.062 0 0 0
-0.812 1.613 0.088 0 0 0
-0.138 -0.763 -0.062 0 0 0
0.138 -0.312 0.038 0 0 0
-1.488 -0.288 -0.062 0 0 0
-0.988 -1.137 0.138 0 0 0
-0.163 1.638 0.062 0 0 0
-2.763 -4.788 0.537 0 0 0
-1.213 -0.513 -0.213 0 0 0
-2.863 -4.438 0.513 0 0 0
-0.388 1.538 0.263 0 0 0
0.288 0.663 0.312 0 0 0
-0.713 1.863 -0.138 0 0 0
-1.938 1.488 -0.062 0 0 0
-0.988 1.638 -0.138 0 0 0
-0.838 1.562 0.088 0 0 0
-3.038 -4.312 0.513 0 0 0
-1.588 0.163 0.062 0 0 0
-1.938 0.638 0.113 0 0 0
0.263 0.938 -0.088 0 0 0
-1.538 1.488 0.188 0 0 0
-0.963 1.663 0.188 0 0 0
-1.188 -2.413 -0.038 0 0 0
0.312 0.388 0.188 0 0 0
-1.738 1.163 -0.062 0 0 0
0.238 -0.213 -0.013 0 0 0
-1.363 0.213 0.163 0 0 0
0.238 -0.213 -0.038 0 0 0
-0.388 1.562 0.263 0 0 0
-1.188 -0.513 -0.163 0 0 0
-2.713 -4.888 0.537 0 0 0
0.588 0.562 0.038 0 0 0
-1.163 -0.613 -0.213 0 0 0
-1.888 0.738 0.088 0 0 0
0.263 -0.088 0.013 0 0 0
-1.663 1.562 -0.113 0 0 0
-1.137 -2.388 -0.188 0 0 0
-1.638 1.663 -0.088 0 0 0
0.263 0.738 -0.062 0 0 0
-1.213 -0.537 0.088 0 0 0
-1.663 0.513 -0.013 0 0 0
-1.163 1.263 0.537 0 0 0
-2.938 -4.538 -0.062 0 0 0
-1.062 -0.863 0.113 0 0 0
-1.263 -2.463 -0.163 0 0 0
-2.988 -4.263 0.488 0 0 0
-0.963 -2.087 -0.988 0 0 0
0.088 -0.363 -0.038 0 0 0
0.088 -0.363 -0.013 0 0 0
-0.988 1.613 0.163 0 0 0
-3.038 -4.312 -0.062 0 0 0
-0.537 1.812 0.312 0 0 0
0.062 -0.338 -0.138 0 0 0
-1.863 0.812 0.463 0 0 0
-1.863 0.613 0.363 0 0 0
-1.088 -0.812 -0.288 0 0 0
-0.288 1.562 0.263 0 0 0
-0.963 -1.263 -0.163 0 0 0
-1.713 1.163 -0.038 0 0 0
0.588 0.263 0.113 0 0 0
-1.838 1.913 0.113 0 0 0
-1.388 0.238 0.088 0 0 0
-1.713 0.113 0.038 0 0 0
-1.163 -0.638 0.088 0 0 0
0.338 3.163 1.213 0 0 0
-2.238 -4.013 -0.288 0 0 0
-1.838 1.888 0.213 0 0 0
-0.663 1.812 -0.138 0 0 0
-0.838 1.613 0.638 0 0 0
-1.088 -0.788 -0.263 0 0 0
0.338 0.438 -0.038 0 0 0
-1.488 1.488 0.288 0 0 0
-2.838 -4.713 0.513 0 0 0
-1.488 0.163 0.138 0 0 0
0.213 0.038 0.013 0 0 0
0.638 0.288 -0.038 0 0 0
-2.838 -4.688 -0.363 0 0 0
-0.312 1.613 -0.138 0 0 0
-1.788 1.413 0.613 0 0 0
-0.238 1.788 0.163 0 0 0
-0.213 -0.812 0.088 0 0 0
-1.012 -1.038 -0.062 0 0 0
-1.113 1.488 -0.113 0 0 0
0.113 3.263 0.238 0 0 0
0.363 0.763 -0.088 0 0 0
0.488 0.312 0.038 0 0 0
-1.213 -2.238 -0.812 0 0 0
0.163 -0.338 0.013 0 0 0
-0.938 -2.288 -0.138 0 0 0
-1.513 -0.312 0.088 0 0 0
-1.538 1.463 -0.088 0 0 0
0.513 0.488 0.213 0 0 0
-1.137 -0.713 0.013 0 0 0
0.038 2.913 1.413 0 0 0
-1.663 1.062 -0.038 0 0 0
0.513 0.288 0.113 0 0 0
0.338 2.638 0.088 0 0 0
-1.913 0.613 -0.013 0 0 0
-0.338 1.562 -0.138 0 0 0
-1.012 -2.163 -0.812 0 0 0
-1.938 0.913 0.088 0 0 0
-1.113 -0.713 0.088 0 0 0
-1.838 1.338 -0.062 0 0 0
-0.963 -1.263 0.163 0 0 0
-0.088 2.988 1.137 0 0 0
0.488 0.338 0.038 0 0 0
-0.913 1.663 0.663 0 0 0
-1.213 -0.562 -0.013 0 0 0
-1.213 -0.562 -0.038 0 0 0
0.288 2.663 0.088 0 0 0
-1.788 1.888 0.363 0 0 0
-1.363 0.263 0.138 0 0 0
-1.312 -2.463 0.263 0 0 0
-0.838 1.638 0.088 0 0 0
-1.863 1.263 0.537 0 0 0
-1.812 0.913 -0.013 0 0 0
-1.812 0.913 -0.038 0 0 0
-1.963 1.463 -0.088 0 0 0
-1.713 1.538 -0.088 0 0 0
-1.463 -0.413 0.088 0 0 0
0.188 3.288 0.288 0 0 0
-1.038 -1.012 -0.113 0 0 0
-0.812 1.613 0.163 0 0 0
-2.138 -4.062 0.463 0 0 0
-1.738 1.513 0.163 0 0 0
-1.788 1.513 0.188 0 0 0
0.188 -0.338 0.038 0 0 0
-1.913 0.788 0.363 0 0 0
-0.213 -0.713 -0.338 0 0 0
-1.062 -0.888 -0.038 0 0 0
0.388 0.388 -0.038 0 0 0
-3.038 -4.312 -0.312 0 0 0
-1.663 1.638 -0.113 0 0 0
-1.938 0.613 0.163 0 0 0
-1.788 1.238 -0.062 0 0 0
-0.188 3.138 -0.288 0 0 0
-0.863 1.788 -0.138 0 0 0
-0.363 1.562 0.062 0 0 0
-0.213 1.663 -0.138 0 0 0
-1.812 0.938 -0.038 0 0 0
-1.438 0.213 0.013 0 0 0
-1.812 0.938 -0.013 0 0 0
0.238 -0.238 0.013 0 0 0
0.288 0.388 0.138 0 0 0
-1.888 1.463 -0.062 0 0 0
-1.938 1.463 0.113 0 0 0
0.013 3.213 0.312 0 0 0
-1.438 0.238 0.038 0 0 0
0.363 0.363 0.163 0 0 0
-2.788 -4.138 0.463 0 0 0
-1.663 0.488 0.013 0 0 0
-2.863 -4.737 -0.238 0 0 0
-1.688 1.012 -0.038 0 0 0
0.413 0.388 0.013 0 0 0
-0.288 1.638 0.263 0 0 0
-1.188 -0.537 0.013 0 0 0
-1.012 1.613 0.138 0 0 0
0.263 0.738 0.013 0 0 0
-2.238 -4.038 0.463 0 0 0
-1.638 1.713 0.213 0 0 0
-2.938 -4.463 -0.613 0 0 0
0.288 0.863 -0.088 0 0 0
-2.812 -4.838 -0.363 0 0 0
-1.088 1.238 0.638 0 0 0
-1.763 0.938 0.138 0 0 0
-0.988 -1.188 -0.062 0 0 0
-1.413 0.238 0.062 0 0 0
-1.388 0.338 0.113 0 0 0
-1.513 -0.263 0.062 0 0 0
-1.012 -1.163 -0.163 0 0 0
-2.763 -4.888 -0.688 0 0 0
0.312 2.538 -0.238 0 0 0
-0.988 -1.163 -0.038 0 0 0
-2.163 -2.638 -1.213 0 0 0
-1.562 1.513 0.188 0 0 0
0.338 0.413 0.013 0 0 0
-1.688 1.113 0.238 0 0 0
-1.038 -2.363 0.238 0 0 0
0.638 0.263 0.013 0 0 0
0.288 0.738 0.062 0 0 0
0.312 0.638 0.013 0 0 0
-1.388 0.238 0.163 0 0 0
-1.713 0.113 0.113 0 0 0
-0.963 -1.213 0.138 0 0 0
0.338 0.438 0.038 0 0 0
-1.488 -0.312 -0.113 0 0 0
-1.538 1.338 0.713 0 0 0
-0.838 1.588 0.812 0 0 0
0.488 0.288 0.088 0 0 0
0.338 3.038 1.463 0 0 0
-0.113 3.188 0.312 0 0 0
-1.088 1.438 0.163 0 0 0
-1.213 -0.463 -0.138 0 0 0
-1.913 1.312 0.688 0 0 0
-1.788 1.513 -0.062 0 0 0
-0.763 1.713 0.688 0 0 0
0.138 -0.338 -0.038 0 0 0
-1.463 -0.363 0.062 0 0 0
-0.188 -0.788 -0.113 0 0 0
-0.288 1.738 -0.163 0 0 0
-1.062 1.463 -0.113 0 0 0
-1.088 -0.838 0.113 0 0 0
-0.812 1.688 0.188 0 0 0
0.488 0.312 0.113 0 0 0
0.338 2.588 0.238 0 0 0
-0.838 1.713 0.088 0 0 0
-0.562 1.838 0.312 0 0 0
-1.137 -0.713 0.088 0 0 0
0.463 0.338 0.013 0 0 0
0.288 3.312 -0.338 0 0 0
0.238 3.363 0.113 0 0 0
1.863 -0.062 -0.038 0 0 0
0.438 0.537 -0.062 0 0 0
-1.038 -1.038 -0.038 0 0 0
-0.213 1.713 -0.163 0 0 0
-0.763 1.913 0.088 0 0 0
-1.963 0.863 0.388 0 0 0
-0.038 3.213 0.238 0 0 0
-1.038 -1.038 -0.013 0 0 0
-0.312 1.588 0.263 0 0 0
-1.663 1.713 -0.113 0 0 0
0.013 -0.388 -0.138 0 0 0
-1.863 0.888 0.213 0 0 0
-0.163 -0.788 0.088 0 0 0
-1.463 0.388 0.062 0 0 0
-0.888 -2.288 -0.163 0 0 0
-0.213 1.738 -0.138 0 0 0
0.613 0.312 -0.038 0 0 0
-1.038 -0.938 0.113 0 0 0
-1.438 0.388 0.188 0 0 0
-1.812 1.438 0.613 0 0 0
-2.838 -4.638 -0.638 0 0 0
-1.888 0.713 0.013 0 0 0
-0.013 2.988 1.137 0 0 0
-0.213 3.138 0.288 0 0 0
-1.263 -2.188 -1.012 0 0 0
-1.062 -0.913 0.013 0 0 0
-0.863 1.663 0.663 0 0 0
-1.463 0.413 0.088 0 0 0
-0.888 -2.263 -0.138 0 0 0
-1.038 -1.012 -0.038 0 0 0
-1.062 -2.113 -0.988 0 0 0
-1.888 1.638 0.113 0 0 0
-1.038 -1.012 -0.013 0 0 0
-0.812 1.963 -0.163 0 0 0
-1.562 1.488 -0.088 0 0 0
-1.638 1.413 0.738 0 0 0
-1.638 1.012 0.537 0 0 0
-2.913 -4.638 -0.338 0 0 0
-1.838 1.562 0.663 0 0 0
0.763 0.013 -0.038 0 0 0
-3.013 -4.312 0.513 0 0 0
0.763 0.013 -0.013 0 0 0
-1.838 1.663 -0.088 0 0 0
0.288 0.938 -0.088 0 0 0
-1.713 0.163 0.113 0 0 0
-0.163 3.188 0.113 0 0 0
-1.938 1.463 0.188 0 0 0
-0.213 1.713 0.163 0 0 0
-0.988 1.463 0.263 0 0 0
-1.788 1.888 -0.138 0 0 0
-0.988 -1.113 -0.062 0 0 0
0.338 2.513 -0.263 0 0 0
-0.688 1.812 0.312 0 0 0
-1.263 -2.288 -0.838 0 0 0
-1.388 0.213 0.013 0 0 0
-2.938 -4.338 0.513 0 0 0
-1.788 1.738 0.913 0 0 0
0.312 2.613 -0.238 0 0 0
-1.738 1.562 -0.088 0 0 0
-0.988 -1.088 -0.038 0 0 0
-0.988 -1.088 -0.013 0 0 0
-1.012 -1.188 -0.088 0 0 0
-1.088 1.438 -0.088 0 0 0
-1.188 -0.537 0.088 0 0 0
-0.163 -0.688 -0.338 0 0 0
-0.588 1.738 0.688 0 0 0
-1.688 0.988 0.138 0 0 0
-2.863 -4.538 -1.663 0 0 0
-1.388 0.312 0.163 0 0 0
-0.988 -2.337 -0.062 0 0 0
0.163 -0.312 0.038 0 0 0
-1.913 0.763 -0.013 0 0 0
-2.963 -4.413 0.488 0 0 0
-1.763 1.163 0.513 0 0 0
-1.213 -0.413 -0.163 0 0 0
-1.088 -0.863 -0.038 0 0 0
-1.738 1.363 0.713 0 0 0
-1.588 1.488 0.113 0 0 0
-1.863 1.338 0.288 0 0 0
0.312 0.613 0.088 0 0 0
-1.763 1.963 0.238 0 0 0
-1.688 1.663 -0.113 0 0 0
-1.713 1.888 -0.113 0 0 0
0.163 3.088 1.188 0 0 0
0.213 -0.288 -0.113 0 0 0
-0.388 1.588 0.062 0 0 0
0.513 0.263 0.038 0 0 0
-2.963 -4.388 0.513 0 0 0
0.288 0.713 0.113 0 0 0
0.288 3.388 -0.312 0 0 0
-1.913 0.863 0.113 0 0 0
0.312 0.413 -0.038 0 0 0
0.263 0.413 0.138 0 0 0
-2.888 -4.413 -1.613 0 0 0
-0.288 1.812 -0.163 0 0 0
-1.963 0.863 0.138 0 0 0
-1.088 -0.763 0.113 0 0 0
0.463 0.488 0.163 0 0 0
-0.138 1.538 0.113 0 0 0
-0.963 1.638 -0.138 0 0 0
-0.838 1.613 -0.113 0 0 0
-1.562 0.163 0.062 0 0 0
0.138 -0.363 0.038 0 0 0
-0.812 1.562 0.088 0 0 0
0.113 -0.363 -0.062 0 0 0
-1.363 0.238 0.088 0 0 0
-1.113 -0.738 0.013 0 0 0
-0.113 1.363 0.663 0 0 0
0.338 0.388 0.188 0 0 0
-0.988 1.463 0.588 0 0 0
0.363 2.538 -0.238 0 0 0
0.312 2.588 0.213 0 0 0
-1.638 1.113 0.238 0 0 0
0.188 3.312 0.312 0 0 0
-1.238 -0.413 0.088 0 0 0
-1.137 1.338 0.088 0 0 0
-1.188 1.338 0.263 0 0 0
-1.113 1.538 0.288 0 0 0
-1.263 -2.413 -0.338 0 0 0
0.288 0.812 0.388 0 0 0
-2.913 -4.487 0.513 0 0 0
-1.238 -2.413 0.263 0 0 0
0.263 0.888 -0.088 0 0 0
-0.988 -2.337 0.263 0 0 0
-1.113 -2.363 -0.188 0 0 0
-1.863 0.763 0.113 0 0 0
-0.713 1.812 -0.163 0 0 0
-1.488 1.338 0.713 0 0 0
-2.863 -4.612 0.513 0 0 0
-2.963 -4.388 -0.062 0 0 0
-0.988 1.638 0.088 0 0 0
-2.087 0.863 0.413 0 0 0
-1.938 1.438 -0.088 0 0 0
-1.062 -2.337 -0.338 0 0 0
-0.963 1.613 0.163 0 0 0
-0.238 1.738 -0.163 0 0 0
0.438 0.537 0.013 0 0 0
-2.913 -4.237 -1.988 0 0 0
0.613 0.288 0.013 0 0 0
-1.538 -0.213 -0.062 0 0 0
-1.288 -2.188 -1.038 0 0 0
0.288 3.363 0.113 0 0 0
-0.988 1.538 0.138 0 0 0
-1.188 -0.562 -0.188 0 0 0
-0.963 1.638 0.188 0 0 0
1.913 -0.062 -0.038 0 0 0
-0.238 1.513 0.738 0 0 0
-1.538 -0.188 -0.038 0 0 0
0.363 2.538 0.088 0 0 0
-2.812 -4.713 0.513 0 0 0
-0.188 1.538 0.588 0 0 0
-1.788 1.963 -0.138 0 0 0
-1.888 1.638 0.188 0 0 0
0.438 0.338 0.013 0 0 0
-1.388 0.288 0.013 0 0 0
-1.088 1.488 -0.113 0 0 0
0.513 0.537 0.038 0 0 0
-0.188 1.638 -0.163 0 0 0
-2.812 -4.688 0.537 0 0 0
-1.062 -2.363 -0.038 0 0 0
-1.838 0.713 0.013 0 0 0
-0.963 -1.238 -0.013 0 0 0
-1.888 0.663 0.388 0 0 0
-1.213 -2.188 -1.012 0 0 0
-1.888 1.363 -0.062 0 0 0
-1.113 -2.388 0.238 0 0 0
-0.763 1.963 -0.163 0 0 0
0.213 -0.213 -0.088 0 0 0
-0.138 1.538 -0.138 0 0 0
-2.938 -4.588 -0.638 0 0 0
-1.688 0.963 0.213 0 0 0
-1.463 -0.388 -0.113 0 0 0
-0.663 1.812 0.088 0 0 0
0.312 0.688 0.088 0 0 0
-1.113 -0.738 -0.238 0 0 0
-1.688 1.738 -0.113 0 0 0
-1.788 1.938 0.188 0 0 0
-2.113 -2.913 0.338 0 0 0
-1.388 0.213 0.088 0 0 0
-0.163 3.163 0.288 0 0 0
-0.812 1.588 -0.138 0 0 0
-2.763 -4.788 0.513 0 0 0
0.312 3.338 0.513 0 0 0
0.513 0.238 0.113 0 0 0
-2.938 -4.538 0.488 0 0 0
0.188 -0.288 -0.138 0 0 0
-1.663 1.088 0.088 0 0 0
-0.838 1.688 -0.113 0 0 0
0.388 2.513 -0.263 0 0 0
-1.513 1.513 -0.088 0 0 0
-1.913 1.663 0.113 0 0 0
-1.463 -0.363 -0.113 0 0 0
-0.413 1.588 0.062 0 0 0
-1.613 1.513 0.113 0 0 0
-0.537 1.838 -0.163 0 0 0
0.537 0.537 0.062 0 0 0
-1.938 0.863 0.088 0 0 0
0.288 0.413 -0.062 0 0 0
-1.288 -2.438 0.288 0 0 0
-1.588 1.488 0.188 0 0 0
-0.188 1.638 0.163 0 0 0
-1.588 0.163 0.038 0 0 0
0.738 0.013 -0.038 0 0 0
0.738 0.013 -0.013 0 0 0
0.463 0.463 0.213 0 0 0
0.312 0.388 0.163 0 0 0
-1.363 0.213 0.138 0 0 0
-1.938 1.513 -0.062 0 0 0
-0.288 -0.788 -0.288 0 0 0
-1.638 1.663 -0.113 0 0 0
-3.013 -4.112 -1.488 0 0 0
-0.988 1.538 -0.113 0 0 0
-0.163 3.163 -0.288 0 0 0
-1.413 -0.062 0.062 0 0 0
-1.812 1.913 -0.138 0 0 0
0.238 -0.188 -0.013 0 0 0
-1.363 0.238 0.163 0 0 0
0.238 -0.188 -0.038 0 0 0
-1.413 -0.463 -0.138 0 0 0
-1.863 0.738 0.188 0 0 0
0.363 0.413 -0.038 0 0 0
-1.888 1.613 -0.088 0 0 0
-1.188 -0.488 -0.163 0 0 0
-1.888 0.763 0.088 0 0 0
-0.263 1.488 0.738 0 0 0
-1.263 -2.463 -0.188 0 0 0
-0.763 1.838 0.312 0 0 0
-1.163 1.288 0.537 0 0 0
-1.638 1.688 -0.113 0 0 0
-0.988 1.613 0.138 0 0 0
-2.938 -4.513 -0.062 0 0 0
-1.163 1.588 -0.113 0 0 0
-1.888 1.413 -0.062 0 0 0
-1.263 -2.438 -0.163 0 0 0
-0.263 1.663 0.263 0 0 0
0.312 0.863 -0.088 0 0 0
-0.988 1.638 0.163 0 0 0
-1.738 1.913 -0.113 0 0 0
-1.763 1.788 0.738 0 0 0
-1.188 -2.413 0.263 0 0 0
-0.863 1.763 -0.138 0 0 0
-2.788 -4.838 -0.088 0 0 0
-1.488 0.188 0.013 0 0 0
-0.663 1.812 -0.163 0 0 0
-1.012 1.538 0.088 0 0 0
-1.463 0.363 0.188 0 0 0
0.338 2.538 -0.238 0 0 0
-2.812 -4.438 -2.062 0 0 0
-0.963 -1.163 -0.013 0 0 0
-1.388 0.263 0.088 0 0 0
-0.238 1.788 0.138 0 0 0
-1.163 -0.613 0.088 0 0 0
-1.538 -0.213 0.013 0 0 0
-1.663 1.562 0.188 0 0 0
-1.738 0.963 0.113 0 0 0
-1.788 0.963 0.138 0 0 0
-0.062 3.188 -0.312 0 0 0
-1.038 -0.888 -0.413 0 0 0
0.663 0.288 0.013 0 0 0
-0.738 1.838 -0.138 0 0 0
0.288 2.688 -0.263 0 0 0
-0.188 -0.738 -0.288 0 0 0
-0.913 -2.062 -0.963 0 0 0
-1.513 -0.312 0.062 0 0 0
-1.012 -1.012 -0.062 0 0 0
0.238 3.338 -0.338 0 0 0
-1.113 1.513 -0.113 0 0 0
-0.838 1.663 0.663 0 0 0
-1.038 -0.863 -0.388 0 0 0
-0.988 -1.238 -0.088 0 0 0
-2.738 -4.938 -0.088 0 0 0
-1.812 1.513 0.113 0 0 0
-1.388 0.288 0.088 0 0 0
-1.538 1.488 -0.088 0 0 0
0.213 -0.238 -0.013 0 0 0
0.213 -0.238 -0.038 0 0 0
-0.338 1.463 0.562 0 0 0
-1.012 1.438 0.263 0 0 0
-1.088 -0.812 0.013 0 0 0
-0.963 -1.263 0.138 0 0 0
-1.413 0.213 0.062 0 0 0
0.488 0.338 0.013 0 0 0
-0.263 1.763 -0.163 0 0 0
-0.163 -0.763 -0.113 0 0 0
-0.488 1.763 0.288 0 0 0
-1.788 1.913 0.238 0 0 0
-0.013 -0.363 -0.188 0 0 0
-0.038 -0.363 -0.188 0 0 0
-1.463 -0.388 -0.013 0 0 0
-0.988 1.488 0.613 0 0 0
-1.838 1.638 0.163 0 0 0
-0.888 -2.238 -0.338 0 0 0
-2.087 0.938 0.163 0 0 0
-0.238 3.138 -0.263 0 0 0
-0.812 1.613 0.138 0 0 0
-2.138 -4.062 0.438 0 0 0
-1.562 -0.163 -0.038 0 0 0
-0.288 1.438 0.713 0 0 0
-1.562 -0.163 -0.013 0 0 0
-1.088 1.388 0.138 0 0 0
-0.838 1.663 0.088 0 0 0
-0.988 1.613 -0.113 0 0 0
0.038 -0.363 -0.138 0 0 0
-1.812 1.988 -0.138 0 0 0
-0.863 -2.263 -0.138 0 0 0
-1.038 -2.113 -0.988 0 0 0
-1.913 0.812 0.363 0 0 0
0.188 -0.312 0.038 0 0 0
-1.888 1.688 -0.088 0 0 0
-0.213 1.663 -0.163 0 0 0
-0.338 1.562 0.163 0 0 0
-0.838 1.562 0.138 0 0 0
-1.663 1.663 -0.113 0 0 0
-0.537 1.913 0.188 0 0 0
-3.038 -3.963 -1.838 0 0 0
-1.213 -0.438 0.088 0 0 0
-0.363 1.588 0.062 0 0 0
-0.688 1.788 -0.138 0 0 0
-0.213 1.688 -0.138 0 0 0
-1.438 0.238 0.013 0 0 0
0.238 -0.213 0.013 0 0 0
0.562 0.238 0.088 0 0 0
-1.763 1.863 0.763 0 0 0
0.788 0.013 -0.038 0 0 0
0.788 0.013 -0.013 0 0 0
0.013 3.238 0.312 0 0 0
-1.012 1.812 0.213 0 0 0
-0.938 1.488 0.763 0 0 0
-1.663 0.513 0.013 0 0 0
-1.812 1.388 0.588 0 0 0
0.263 2.663 -0.238 0 0 0
-1.413 -0.488 0.038 0 0 0
-1.688 1.513 0.288 0 0 0
-0.263 -0.812 -0.038 0 0 0
-1.513 0.163 0.138 0 0 0
-0.263 -0.812 -0.013 0 0 0
-1.763 0.938 0.113 0 0 0
0.288 -0.188 -0.013 0 0 0
0.288 -0.188 -0.038 0 0 0
-1.513 -0.238 -0.062 0 0 0
-1.838 1.312 0.562 0 0 0
-0.438 1.613 0.062 0 0 0
-0.013 2.888 1.413 0 0 0
-1.638 0.963 0.513 0 0 0
-2.788 -4.612 -1.688 0 0 0
-0.988 -1.163 -0.062 0 0 0
-0.288 -0.812 0.088 0 0 0
0.263 0.463 -0.038 0 0 0
-1.388 0.238 0.138 0 0 0
-1.638 0.988 0.537 0 0 0
-1.713 0.113 0.088 0 0 0
0.263 0.438 0.062 0 0 0
-2.763 -4.863 -0.688 0 0 0
-2.938 -4.388 0.513 0 0 0
0.312 2.562 -0.238 0 0 0
-2.163 -2.613 -1.213 0 0 0
0.338 0.438 0.013 0 0 0
-1.038 -2.337 0.238 0 0 0
0.638 0.288 0.013 0 0 0
-2.838 -4.688 -0.312 0 0 0
0.488 0.488 0.163 0 0 0
-1.388 0.263 0.163 0 0 0
-0.812 1.613 -0.113 0 0 0
-1.613 1.488 -0.088 0 0 0
-1.788 1.513 -0.088 0 0 0
-0.263 1.838 -0.163 0 0 0
-1.088 1.388 -0.113 0 0 0
-1.038 -2.312 0.263 0 0 0
0.113 3.263 0.288 0 0 0
0.138 -0.338 -0.062 0 0 0
-1.812 1.888 0.363 0 0 0
-1.238 -2.438 -0.038 0 0 0
-1.538 1.363 0.713 0 0 0
-0.312 1.413 0.713 0 0 0
-1.088 1.463 0.163 0 0 0
-0.088 1.388 0.688 0 0 0
-0.738 1.788 0.913 0 0 0
-0.513 1.788 -0.138 0 0 0
-0.763 1.863 -0.163 0 0 0
1.863 -0.062 -0.062 0 0 0
-1.913 0.613 0.013 0 0 0
-1.062 1.263 0.663 0 0 0
-1.113 1.363 0.088 0 0 0
-1.938 0.913 0.138 0 0 0
-1.213 -0.438 -0.163 0 0 0
-1.788 1.538 -0.088 0 0 0
0.288 3.338 -0.338 0 0 0
-1.863 1.663 -0.113 0 0 0
-1.638 1.062 0.088 0 0 0
-2.888 -4.463 0.513 0 0 0
-0.988 -1.062 -0.488 0 0 0
-0.163 -0.788 0.062 0 0 0
-0.213 1.738 -0.163 0 0 0
-1.738 1.213 -0.038 0 0 0
-1.012 1.613 -0.138 0 0 0
-0.838 1.638 0.138 0 0 0
0.288 2.638 0.238 0 0 0
0.113 3.263 -0.288 0 0 0
-1.513 1.463 0.163 0 0 0
-1.238 -2.463 0.263 0 0 0
-1.913 1.562 0.113 0 0 0
-0.888 -2.263 -0.163 0 0 0
-1.038 -1.012 -0.062 0 0 0
-1.638 1.438 0.613 0 0 0
-2.888 -4.438 0.513 0 0 0
0.013 -0.363 -0.163 0 0 0
-1.263 -2.163 -1.012 0 0 0
-1.062 -0.888 0.013 0 0 0
0.213 3.363 -0.338 0 0 0
-0.812 1.988 -0.163 0 0 0
-1.538 1.463 0.288 0 0 0
-0.288 -0.838 -0.038 0 0 0
-0.363 1.562 0.113 0 0 0
-0.238 1.638 0.812 0 0 0
-0.288 -0.838 -0.013 0 0 0
-0.038 3.188 0.513 0 0 0
-1.438 0.213 0.062 0 0 0
0.238 -0.312 -0.062 0 0 0
0.113 3.288 -0.288 0 0 0
-3.013 -4.312 0.488 0 0 0
-1.562 1.513 -0.088 0 0 0
-2.138 -2.913 -0.188 0 0 0
-2.263 -3.988 -0.562 0 0 0
-0.413 1.488 0.588 0 0 0
-0.913 1.663 0.138 0 0 0
-2.913 -4.612 -0.338 0 0 0
-1.938 1.463 0.163 0 0 0
-1.863 1.663 0.213 0 0 0
-1.663 0.488 0.062 0 0 0
-0.138 -0.713 -0.263 0 0 0
-1.838 0.913 0.213 0 0 0
0.312 2.613 -0.263 0 0 0
-0.788 1.688 0.688 0 0 0
-0.988 -1.088 -0.062 0 0 0
-0.213 -0.812 -0.113 0 0 0
-0.988 -2.312 -0.188 0 0 0
-1.538 -0.238 -0.062 0 0 0
-1.263 -2.263 -0.838 0 0 0
-1.088 1.438 -0.113 0 0 0
0.263 0.738 0.062 0 0 0
-1.663 1.538 0.113 0 0 0
-0.663 1.638 0.812 0 0 0
0.488 0.513 -0.062 0 0 0
0.312 2.638 -0.238 0 0 0
-0.938 -2.288 -0.338 0 0 0
0.062 -0.363 -0.038 0 0 0
-0.588 1.888 -0.163 0 0 0
-1.388 0.338 0.163 0 0 0
-2.062 0.838 0.463 0 0 0
-2.963 -4.388 0.488 0 0 0
-1.638 1.513 0.288 0 0 0
-1.913 0.863 0.088 0 0 0
-1.038 1.562 -0.113 0 0 0
-1.438 -0.463 -0.013 0 0 0
-1.838 1.663 0.213 0 0 0
-0.838 1.613 -0.138 0 0 0
0.338 0.413 0.062 0 0 0
-1.488 -0.338 -0.088 0 0 0
0.488 0.463 0.213 0 0 0
0.312 0.638 0.062 0 0 0
0.312 0.438 -0.038 0 0 0
-0.763 1.938 -0.163 0 0 0
-2.863 -4.663 -0.638 0 0 0
-0.838 1.638 -0.113 0 0 0
-1.663 1.038 0.088 0 0 0
-2.238 -4.038 -0.062 0 0 0
-0.238 -0.812 0.088 0 0 0
0.488 0.288 0.138 0 0 0
-1.863 1.312 0.562 0 0 0
-1.137 -0.738 0.113 0 0 0
0.363 2.562 -0.238 0 0 0
-3.062 -4.288 -0.588 0 0 0
-1.088 -2.138 -1.012 0 0 0
-1.863 1.613 -0.088 0 0 0
-0.188 -0.788 -0.062 0 0 0
-0.988 -2.337 0.238 0 0 0
0.138 -0.338 0.013 0 0 0
-1.213 -0.488 0.013 0 0 0
-1.863 0.763 0.088 0 0 0
-2.838 -4.513 -1.638 0 0 0
-1.137 1.363 0.088 0 0 0
-1.938 0.613 -0.013 0 0 0
-1.188 1.363 0.263 0 0 0
-0.838 1.713 0.138 0 0 0
0.163 3.338 -0.312 0 0 0
-3.038 -4.338 0.513 0 0 0
-0.363 1.562 -0.138 0 0 0
-1.913 0.838 0.388 0 0 0
-1.713 0.913 0.413 0 0 0
0.263 0.913 -0.088 0 0 0
-2.163 -2.738 -0.988 0 0 0
-1.663 1.688 -0.088 0 0 0
-0.713 1.838 -0.163 0 0 0
-2.863 -4.588 0.513 0 0 0
-1.888 1.438 0.613 0 0 0
-1.938 1.463 -0.088 0 0 0
-1.113 1.363 0.163 0 0 0
-0.263 1.713 0.062 0 0 0
-0.038 3.213 0.288 0 0 0
-1.763 1.288 0.088 0 0 0
-0.963 1.638 0.163 0 0 0
0.312 -0.038 -0.013 0 0 0
0.312 -0.038 -0.038 0 0 0
-1.463 0.388 0.113 0 0 0
0.613 0.312 0.013 0 0 0
-1.713 0.938 0.413 0 0 0
-1.137 -2.238 -0.812 0 0 0
-0.288 1.638 0.062 0 0 0
-1.638 1.638 -0.113 0 0 0
0.238 2.713 -0.263 0 0 0
-1.438 0.388 0.238 0 0 0
-1.812 0.913 0.088 0 0 0
-1.438 0.188 0.138 0 0 0
-1.163 1.538 -0.113 0 0 0
-0.238 -0.713 -0.338 0 0 0
-1.463 0.213 0.038 0 0 0
0.513 0.537 0.013 0 0 0
-1.638 1.688 0.113 0 0 0
0.363 2.562 0.088 0 0 0
-3.038 -4.338 -0.062 0 0 0
-2.812 -4.688 0.513 0 0 0
0.113 2.938 1.438 0 0 0
-2.838 -4.812 -0.663 0 0 0
-0.888 1.788 -0.138 0 0 0
-0.763 1.812 0.312 0 0 0
-0.788 1.888 -0.163 0 0 0
-0.013 3.213 -0.288 0 0 0
-2.988 -4.413 0.488 0 0 0
-0.863 1.763 0.088 0 0 0
-1.213 -2.163 -1.012 0 0 0
-0.263 1.638 0.263 0 0 0
-1.088 1.312 0.688 0 0 0
0.413 0.363 0.113 0 0 0
-1.388 0.213 0.062 0 0 0
-1.038 -0.938 -0.413 0 0 0
-1.763 1.913 0.238 0 0 0
-1.137 1.538 -0.088 0 0 0
-1.663 0.463 0.238 0 0 0
-1.038 1.638 -0.113 0 0 0
-1.012 -1.188 -0.013 0 0 0
-2.963 -4.463 -0.613 0 0 0
-0.838 1.688 -0.138 0 0 0
-0.113 3.188 0.113 0 0 0
-1.463 -0.363 -0.138 0 0 0
-1.938 0.663 -0.013 0 0 0
-2.938 -4.513 0.488 0 0 0
-1.588 1.488 0.163 0 0 0
-1.062 -0.812 -0.363 0 0 0
-1.663 1.113 0.088 0 0 0
-0.163 1.538 0.062 0 0 0
-1.088 -0.863 0.013 0 0 0
-1.062 -2.363 0.263 0 0 0
-1.213 -2.263 -0.838 0 0 0
-1.663 0.088 0.062 0 0 0
-0.188 1.638 0.138 0 0 0
-0.938 -2.312 -0.163 0 0 0
-0.537 1.863 -0.163 0 0 0
0.338 0.588 0.213 0 0 0
0.288 0.438 -0.062 0 0 0
-0.388 1.588 0.113 0 0 0
0.513 0.263 0.088 0 0 0
-1.137 -0.663 0.113 0 0 0
-0.312 1.588 0.062 0 0 0
0.312 0.413 0.013 0 0 0
0.263 0.413 0.188 0 0 0
-1.562 0.163 0.113 0 0 0
-1.838 0.812 0.463 0 0 0
-1.363 0.238 0.138 0 0 0
-2.913 -4.562 -0.613 0 0 0
-0.088 3.138 0.513 0 0 0
-1.888 0.788 -0.013 0 0 0
-1.488 -0.363 0.088 0 0 0
-0.812 1.588 0.163 0 0 0
-2.913 -4.513 0.537 0 0 0
-1.812 1.938 -0.138 0 0 0
-1.888 1.538 0.663 0 0 0
-0.812 1.663 0.288 0 0 0
0.263 -0.188 0.013 0 0 0
-1.012 1.363 0.562 0 0 0
-1.137 1.338 0.138 0 0 0
-1.888 1.638 -0.088 0 0 0
0.363 0.438 -0.038 0 0 0
-0.062 -0.413 0.038 0 0 0
-1.113 -2.363 -0.138 0 0 0
-0.938 1.663 -0.138 0 0 0
-1.263 -2.438 -0.188 0 0 0
-1.213 -0.488 0.088 0 0 0
-1.938 0.863 0.388 0 0 0
-0.238 1.713 -0.138 0 0 0
0.588 0.288 -0.038 0 0 0
0.588 0.288 -0.013 0 0 0
-0.638 1.688 0.663 0 0 0
-0.988 1.638 0.138 0 0 0
-0.113 2.838 1.388 0 0 0
-0.062 2.963 1.137 0 0 0
-1.438 0.062 0.038 0 0 0
-0.213 1.638 -0.163 0 0 0
0.013 -0.413 -0.038 0 0 0
0.013 -0.413 -0.013 0 0 0
-1.163 -0.588 -0.013 0 0 0
-2.812 -4.438 -2.087 0 0 0
-1.613 1.588 0.663 0 0 0
-0.988 1.538 0.188 0 0 0
-2.788 -4.812 -0.088 0 0 0
-0.788 1.963 -0.163 0 0 0
-2.713 -4.938 0.562 0 0 0
-1.988 0.913 0.138 0 0 0
-1.488 0.213 0.013 0 0 0
-1.738 0.963 0.088 0 0 0
0.588 0.312 -0.038 0 0 0
-1.012 1.562 0.088 0 0 0
-1.513 -0.288 -0.062 0 0 0
-0.963 -1.137 -0.038 0 0 0
-1.438 0.088 0.038 0 0 0
-0.238 1.812 0.138 0 0 0
-1.613 1.413 0.588 0 0 0
0.338 0.763 0.038 0 0 0
0.163 -0.312 -0.163 0 0 0
-0.062 3.213 -0.312 0 0 0
-0.213 3.113 0.513 0 0 0
-1.388 0.288 0.062 0 0 0
-1.588 1.488 -0.088 0 0 0
-1.638 1.688 0.188 0 0 0
0.288 2.713 -0.263 0 0 0
-1.163 1.588 0.188 0 0 0
-1.163 1.388 0.088 0 0 0
0.513 0.513 0.188 0 0 0
0.238 3.363 -0.338 0 0 0
-0.388 1.588 -0.138 0 0 0
0.288 0.713 -0.088 0 0 0
-0.938 1.638 0.288 0 0 0
-1.413 0.213 0.038 0 0 0
-0.988 -1.213 -0.088 0 0 0
-1.788 1.913 0.213 0 0 0
-1.588 0.463 0.013 0 0 0
-0.863 1.763 0.163 0 0 0
-0.663 1.812 0.138 0 0 0
-1.088 -0.788 0.013 0 0 0
-0.263 1.788 -0.163 0 0 0
-0.238 3.138 -0.288 0 0 0
-0.138 -0.763 -0.038 0 0 0
-0.138 -0.763 -0.013 0 0 0
-0.312 -0.788 -0.288 0 0 0
0.188 3.312 0.113 0 0 0
-2.763 -4.788 0.562 0 0 0
-0.988 1.513 0.613 0 0 0
-1.113 1.438 -0.088 0 0 0
-0.513 1.738 -0.138 0 0 0
-1.238 -0.413 -0.113 0 0 0
0.562 0.562 0.013 0 0 0
-2.938 -4.538 0.537 0 0 0
-2.163 -4.062 -0.213 0 0 0
-1.012 -1.213 0.138 0 0 0
-1.613 1.513 0.163 0 0 0
-1.213 -0.488 -0.163 0 0 0
-1.788 1.488 -0.088 0 0 0
-1.938 0.863 0.138 0 0 0
-1.388 -0.188 0.062 0 0 0
-0.988 1.638 -0.113 0 0 0
-0.513 1.713 0.863 0 0 0
-1.663 1.113 0.163 0 0 0
-0.163 1.538 0.138 0 0 0
-0.788 1.838 0.312 0 0 0
-1.213 -0.438 0.062 0 0 0
-0.763 1.888 0.088 0 0 0
-0.213 1.688 -0.163 0 0 0
-1.738 1.163 -0.038 0 0 0
-0.913 -2.288 0.238 0 0 0
0.038 -0.338 -0.163 0 0 0
-1.913 1.413 -0.062 0 0 0
-0.938 1.738 -0.138 0 0 0
-0.988 -1.113 -0.513 0 0 0
-0.688 1.812 -0.138 0 0 0
-1.663 1.562 -0.088 0 0 0
-2.788 -4.812 -0.338 0 0 0
-2.863 -4.362 -2.038 0 0 0
0.238 -0.188 0.013 0 0 0
0.562 0.263 0.088 0 0 0
-0.338 1.588 0.138 0 0 0
-2.212 -4.013 0.438 0 0 0
0.263 2.663 -0.263 0 0 0
-1.438 0.138 0.038 0 0 0
0.363 0.413 0.013 0 0 0
-1.012 -0.988 -0.438 0 0 0
0.338 2.538 0.388 0 0 0
0.213 3.312 -0.338 0 0 0
-1.888 0.763 0.138 0 0 0
-2.888 -4.588 -0.338 0 0 0
-1.513 0.163 0.113 0 0 0
-2.988 -4.263 0.513 0 0 0
0.363 0.438 0.038 0 0 0
-1.763 0.963 -0.038 0 0 0
0.513 0.513 -0.062 0 0 0
-1.012 1.638 0.088 0 0 0
-1.188 -0.588 -0.062 0 0 0
-1.062 -2.388 -0.138 0 0 0
0.062 3.288 0.113 0 0 0
-0.562 1.888 -0.163 0 0 0
-2.738 -4.938 0.537 0 0 0
0.263 0.463 -0.062 0 0 0
-2.738 -4.913 -0.338 0 0 0
-0.013 2.913 1.413 0 0 0
0.738 0.363 -0.062 0 0 0
-1.163 -0.638 0.113 0 0 0
-0.213 1.688 0.163 0 0 0
-0.888 1.663 -0.138 0 0 0
0.312 2.562 -0.263 0 0 0
-1.488 0.188 0.062 0 0 0
-1.012 1.538 0.138 0 0 0
-1.838 1.638 -0.113 0 0 0
-2.838 -4.713 0.537 0 0 0
0.312 0.763 0.013 0 0 0
0.463 0.537 -0.062 0 0 0
-1.388 0.263 0.138 0 0 0
0.438 0.312 0.138 0 0 0
-1.738 1.413 0.613 0 0 0
-0.238 1.788 0.188 0 0 0
-3.013 -4.463 0.513 0 0 0
-1.863 0.638 0.388 0 0 0
-1.012 -1.038 -0.038 0 0 0
0.312 2.588 -0.238 0 0 0
-1.012 -1.038 -0.013 0 0 0
-1.113 1.488 -0.088 0 0 0
-0.988 -1.137 -0.088 0 0 0
-1.038 -2.312 0.238 0 0 0
-1.137 -0.688 -0.062 0 0 0
0.163 -0.338 0.038 0 0 0
-1.913 1.663 -0.088 0 0 0
-0.513 1.788 -0.163 0 0 0
-1.613 1.513 -0.088 0 0 0
-0.062 2.863 1.388 0 0 0
-0.113 1.413 0.562 0 0 0
-1.388 0.288 0.138 0 0 0
-0.838 1.562 -0.138 0 0 0
-1.812 1.513 0.163 0 0 0
-0.312 1.438 0.713 0 0 0
-1.988 0.788 0.363 0 0 0
-1.763 0.888 0.388 0 0 0
0.213 -0.238 0.013 0 0 0
-0.513 1.812 -0.138 0 0 0
-0.763 1.888 -0.163 0 0 0
-1.113 -0.713 0.113 0 0 0
-1.062 1.288 0.663 0 0 0
-0.163 -0.763 -0.062 0 0 0
-0.088 2.988 1.163 0 0 0
-3.038 -4.263 -0.562 0 0 0
-1.713 0.963 0.213 0 0 0
-0.812 1.812 0.312 0 0 0
0.288 3.363 -0.338 0 0 0
-1.963 0.838 0.113 0 0 0
-2.963 -4.538 0.513 0 0 0
0.188 3.288 0.312 0 0 0
-0.812 1.613 0.188 0 0 0
-1.738 1.513 0.188 0 0 0
-2.863 -4.688 -0.638 0 0 0
-2.888 -4.438 0.488 0 0 0
0.163 3.288 -0.312 0 0 0
0.338 2.613 0.413 0 0 0
0.013 -0.363 -0.188 0 0 0
-1.238 -2.438 0.263 0 0 0
-3.038 -4.312 -0.288 0 0 0
-1.663 1.638 -0.088 0 0 0
-0.312 -0.838 0.088 0 0 0
0.113 3.288 -0.312 0 0 0
-1.438 0.213 0.038 0 0 0
-1.763 1.238 0.088 0 0 0
-0.062 -0.438 -0.038 0 0 0
-0.263 1.663 0.062 0 0 0
-1.863 1.588 -0.088 0 0 0
-2.138 -2.913 -0.213 0 0 0
-2.913 -4.263 -1.988 0 0 0
-1.538 1.488 0.288 0 0 0
-0.363 1.588 0.113 0 0 0
-0.113 -0.763 0.088 0 0 0
-2.963 -4.538 -0.062 0 0 0
-0.988 1.488 0.088 0 0 0
-1.188 1.562 -0.113 0 0 0
-1.012 1.538 -0.113 0 0 0
-1.038 -2.337 -0.038 0 0 0
-0.413 1.513 0.588 0 0 0
-2.038 0.863 0.213 0 0 0
-1.863 0.688 0.388 0 0 0
-1.738 1.213 0.263 0 0 0
0.263 0.738 0.038 0 0 0
-1.012 1.613 0.163 0 0 0
-0.863 -2.288 0.238 0 0 0
-1.038 -0.988 0.138 0 0 0
-1.663 0.513 0.062 0 0 0
-1.062 1.413 0.263 0 0 0
-1.413 -0.488 0.088 0 0 0
-1.863 0.713 0.413 0 0 0
-1.838 0.938 0.213 0 0 0
0.288 -0.188 0.013 0 0 0
-1.638 1.538 0.163 0 0 0
-1.913 0.888 -0.013 0 0 0
-1.913 0.888 -0.038 0 0 0
-1.812 1.513 -0.088 0 0 0
-2.913 -4.638 -0.062 0 0 0
-1.113 -0.788 -0.263 0 0 0
0.513 0.513 0.013 0 0 0
-0.588 1.913 -0.163 0 0 0
-1.688 1.137 0.163 0 0 0
0.312 0.663 -0.062 0 0 0
-0.163 1.588 -0.138 0 0 0
-0.963 -1.263 -0.062 0 0 0
0.338 0.413 0.038 0 0 0
-1.038 -2.363 0.263 0 0 0
0.312 0.638 0.038 0 0 0
-2.812 -4.812 -0.338 0 0 0
-1.888 1.463 0.288 0 0 0
-1.137 1.488 -0.088 0 0 0
-1.438 -0.438 -0.013 0 0 0
-0.838 1.638 -0.138 0 0 0
0.338 0.438 0.062 0 0 0
-2.087 0.938 -0.013 0 0 0
-1.488 -0.312 -0.088 0 0 0
-2.087 0.938 -0.038 0 0 0
-0.988 -1.062 0.138 0 0 0
0.488 0.288 0.113 0 0 0
-1.863 0.788 -0.013 0 0 0
-0.838 1.663 -0.113 0 0 0
-0.763 1.838 -0.138 0 0 0
0.338 2.613 0.163 0 0 0
-0.238 -0.788 0.088 0 0 0
-0.288 1.738 -0.138 0 0 0
0.537 0.513 0.062 0 0 0
-0.537 1.812 -0.163 0 0 0
0.363 0.763 0.013 0 0 0
0.537 0.312 -0.038 0 0 0
-0.363 1.463 0.588 0 0 0
-1.137 -0.713 0.113 0 0 0
-3.038 -4.338 0.488 0 0 0
0.188 -0.312 -0.163 0 0 0
0.463 0.338 0.038 0 0 0
-1.088 -2.113 -1.012 0 0 0
0.288 3.312 -0.312 0 0 0
-1.938 0.638 -0.013 0 0 0
0.138 3.238 0.513 0 0 0
-1.113 1.363 0.138 0 0 0
-1.863 1.363 0.588 0 0 0
-0.363 1.588 -0.138 0 0 0
-1.638 1.062 0.138 0 0 0
-2.963 -4.538 -0.312 0 0 0
-1.663 1.713 -0.088 0 0 0
-0.263 1.438 0.713 0 0 0
-2.038 0.863 -0.013 0 0 0
-2.038 0.863 -0.038 0 0 0
-1.938 0.788 0.363 0 0 0
0.013 3.238 0.113 0 0 0
-0.613 1.838 -0.163 0 0 0
-1.137 -2.238 -0.838 0 0 0
-1.038 -0.938 0.138 0 0 0
-1.188 -0.537 -0.213 0 0 0
-0.838 1.638 0.188 0 0 0
-1.438 0.188 0.113 0 0 0
-1.463 0.413 0.113 0 0 0
-3.013 -4.362 -0.588 0 0 0
-1.838 0.938 -0.013 0 0 0
-1.338 -2.288 -0.838 0 0 0
-1.838 0.938 -0.038 0 0 0
-1.638 1.538 -0.088 0 0 0
-3.038 -4.312 -0.213 0 0 0
0.263 -0.213 0.013 0 0 0
-2.913 -4.638 -0.312 0 0 0
-0.688 1.638 0.812 0 0 0
-0.138 1.438 0.562 0 0 0
-0.363 1.562 0.163 0 0 0
-0.013 3.213 -0.312 0 0 0
0.263 0.713 0.113 0 0 0
-1.713 0.188 0.038 0 0 0
-2.138 -2.913 -0.138 0 0 0
-0.213 1.638 0.062 0 0 0
-0.788 1.913 -0.163 0 0 0
0.588 0.263 -0.038 0 0 0
-0.913 1.663 0.188 0 0 0
-1.012 1.513 0.088 0 0 0
-1.788 1.888 -0.113 0 0 0
0.338 2.513 -0.238 0 0 0
-0.013 3.238 -0.288 0 0 0
-0.938 1.688 0.088 0 0 0
-1.188 -0.562 0.088 0 0 0
-1.863 1.463 0.163 0 0 0
-0.163 -0.713 -0.338 0 0 0
-1.538 -0.263 -0.038 0 0 0
-0.988 1.488 0.163 0 0 0
-0.863 1.613 -0.138 0 0 0
-0.213 -0.812 -0.062 0 0 0
-0.988 -2.312 -0.138 0 0 0
-1.312 -2.438 -0.188 0 0 0
-0.188 1.562 0.763 0 0 0
-1.788 0.938 0.113 0 0 0
-1.738 1.363 0.738 0 0 0
-0.838 1.713 -0.138 0 0 0
-0.562 1.838 0.088 0 0 0
-1.663 0.088 0.038 0 0 0
-1.062 -2.363 0.238 0 0 0
-0.938 -2.312 -0.188 0 0 0
-1.913 0.863 0.138 0 0 0
0.263 0.413 0.163 0 0 0
-1.513 1.338 0.688 0 0 0
0.113 -0.363 -0.038 0 0 0
-1.438 -0.463 0.013 0 0 0
0.312 0.713 0.263 0 0 0
-0.537 1.888 -0.163 0 0 0
0.113 -0.363 -0.013 0 0 0
-1.488 -0.338 -0.013 0 0 0
-0.038 -0.388 -0.188 0 0 0
-1.738 0.913 0.413 0 0 0
0.312 0.438 0.013 0 0 0
0.263 0.438 0.188 0 0 0
-1.038 -0.938 -0.113 0 0 0
-0.812 1.588 0.138 0 0 0
-1.663 1.038 0.138 0 0 0
-1.838 1.488 0.188 0 0 0
-0.088 3.163 0.513 0 0 0
-1.888 1.638 -0.113 0 0 0
-1.088 1.438 0.263 0 0 0
-0.788 1.788 0.312 0 0 0
-0.988 -0.988 -0.438 0 0 0
-2.038 0.938 -0.038 0 0 0
-2.038 0.938 -0.013 0 0 0
-0.812 1.688 0.288 0 0 0
-0.713 1.812 -0.138 0 0 0
-0.263 1.812 0.062 0 0 0
-2.863 -4.612 0.537 0 0 0
-1.863 0.763 0.138 0 0 0
-1.137 1.363 0.138 0 0 0
-1.113 1.463 0.163 0 0 0
-0.913 1.513 0.763 0 0 0
-0.838 1.713 0.188 0 0 0
-1.938 1.438 -0.062 0 0 0
-0.038 3.188 0.312 0 0 0
-0.838 1.788 0.312 0 0 0
-0.238 1.738 -0.138 0 0 0
0.438 0.537 0.038 0 0 0
-0.638 1.713 0.663 0 0 0
-0.062 2.988 1.137 0 0 0
-1.763 1.288 0.138 0 0 0
-0.688 1.812 0.088 0 0 0
-1.012 -1.062 -0.488 0 0 0
-0.988 1.538 0.163 0 0 0
-2.713 -4.938 0.537 0 0 0
0.013 -0.388 -0.038 0 0 0
0.013 -0.388 -0.013 0 0 0
-2.988 -4.487 -0.613 0 0 0
-0.888 -2.288 -0.062 0 0 0
-0.863 1.663 -0.138 0 0 0
-1.513 -0.288 -0.088 0 0 0
-2.713 -4.913 0.562 0 0 0
0.338 0.763 0.013 0 0 0
-1.062 -0.913 0.113 0 0 0
0.312 3.363 0.238 0 0 0
-1.663 1.012 0.562 0 0 0
-1.788 1.963 -0.113 0 0 0
0.263 3.138 1.188 0 0 0
-1.888 1.638 0.213 0 0 0
-1.463 0.213 0.088 0 0 0
-1.638 1.688 0.163 0 0 0
-0.263 1.588 0.263 0 0 0
0.513 0.537 0.062 0 0 0
-0.562 1.838 -0.163 0 0 0
-0.388 1.488 0.588 0 0 0
-1.638 0.938 0.513 0 0 0
-1.137 -0.638 -0.263 0 0 0
-1.513 -0.263 -0.088 0 0 0
-1.562 0.438 0.088 0 0 0
-1.288 -2.288 -0.838 0 0 0
-0.288 -0.838 0.088 0 0 0
-0.188 -0.713 -0.338 0 0 0
0.288 0.738 -0.088 0 0 0
-1.663 0.438 0.263 0 0 0
0.413 0.363 0.163 0 0 0
0.738 0.338 -0.062 0 0 0
-1.388 0.213 0.113 0 0 0
-0.163 -0.713 -0.263 0 0 0
-0.812 1.588 -0.113 0 0 0
-0.163 3.163 0.312 0 0 0
-1.838 1.488 -0.062 0 0 0
-0.613 1.788 0.312 0 0 0
-0.238 -0.812 -0.113 0 0 0
-1.113 1.438 -0.113 0 0 0
-1.663 0.463 0.288 0 0 0
-1.012 -0.988 0.113 0 0 0
-2.938 -4.538 0.513 0 0 0
-2.913 -4.438 -1.613 0 0 0
0.163 0.663 -0.062 0 0 0
0.388 2.513 -0.238 0 0 0
-0.238 3.163 -0.288 0 0 0
-1.463 -0.363 -0.088 0 0 0
0.188 3.338 0.113 0 0 0
-0.463 1.588 0.263 0 0 0
-0.537 1.838 -0.138 0 0 0
-1.113 1.463 -0.088 0 0 0
0.288 0.413 -0.038 0 0 0
-1.938 0.863 0.113 0 0 0
-1.938 0.663 0.013 0 0 0
-1.763 1.363 0.713 0 0 0
-1.213 -0.488 -0.188 0 0 0
-1.113 -0.763 0.113 0 0 0
-2.938 -4.513 0.537 0 0 0
-0.163 1.538 0.113 0 0 0
-1.763 1.163 0.613 0 0 0
-1.663 1.113 0.138 0 0 0
-1.913 0.838 0.188 0 0 0
0.238 0.013 -0.013 0 0 0
-2.812 -4.863 -0.088 0 0 0
-0.513 1.763 -0.163 0 0 0
-0.763 1.663 0.838 0 0 0
-0.388 1.588 0.163 0 0 0
1.863 -0.088 -0.088 0 0 0
-1.038 1.513 0.088 0 0 0
-1.638 1.038 0.088 0 0 0
-1.913 1.413 -0.088 0 0 0
0.312 0.413 0.062 0 0 0
-0.263 1.713 -0.138 0 0 0
0.562 0.288 -0.038 0 0 0
0.113 -0.363 0.038 0 0 0
0.562 0.288 -0.013 0 0 0
-2.788 -4.838 0.513 0 0 0
-0.688 1.812 -0.163 0 0 0
-2.788 -4.812 -0.363 0 0 0
0.338 0.963 -0.113 0 0 0
-1.812 1.913 -0.113 0 0 0
-0.913 -2.263 0.238 0 0 0
-1.113 -0.738 0.113 0 0 0
-0.338 1.588 0.113 0 0 0
-0.838 1.588 0.088 0 0 0
0.163 0.638 0.238 0 0 0
-0.938 1.763 -0.138 0 0 0
-1.888 0.763 0.113 0 0 0
0.163 2.963 1.438 0 0 0
0.463 0.288 0.138 0 0 0
-2.863 -4.338 -2.038 0 0 0
-1.588 -0.113 0.038 0 0 0
-1.638 1.588 0.663 0 0 0
0.263 2.688 -0.263 0 0 0
-1.438 0.163 0.038 0 0 0
0.338 2.562 0.388 0 0 0
-0.888 -2.113 -0.788 0 0 0
-1.638 1.688 -0.088 0 0 0
-1.863 1.538 -0.088 0 0 0
0.213 3.338 -0.338 0 0 0
0.288 -0.062 -0.013 0 0 0
-0.863 1.738 -0.138 0 0 0
-1.263 -2.438 -0.138 0 0 0
-0.038 3.163 0.513 0 0 0
0.588 0.288 0.013 0 0 0
-1.788 1.288 0.113 0 0 0
-0.988 1.638 0.188 0 0 0
-2.062 0.913 0.138 0 0 0
-1.062 -0.838 0.113 0 0 0
-1.488 0.188 0.038 0 0 0
-0.562 1.913 -0.163 0 0 0
-2.738 -4.913 0.537 0 0 0
0.263 0.488 -0.062 0 0 0
-1.463 0.363 0.213 0 0 0
-1.538 -0.213 0.038 0 0 0
-1.613 1.062 0.138 0 0 0
0.338 0.663 -0.062 0 0 0
0.288 -0.038 -0.013 0 0 0
0.288 -0.038 -0.038 0 0 0
-3.013 -4.463 0.488 0 0 0
0.312 2.588 -0.263 0 0 0
-1.488 0.213 0.062 0 0 0
0.588 0.312 0.013 0 0 0
-1.738 0.963 0.138 0 0 0
-0.288 1.588 0.263 0 0 0
-1.012 1.562 0.138 0 0 0
-2.838 -4.338 -2.013 0 0 0
-0.812 1.538 0.613 0 0 0
-0.062 3.188 -0.288 0 0 0
-1.463 0.188 0.138 0 0 0
-1.538 -0.188 0.062 0 0 0
-0.238 1.812 0.188 0 0 0
-3.013 -4.438 0.513 0 0 0
0.288 2.688 -0.238 0 0 0
-1.012 -1.012 -0.038 0 0 0
-1.012 -1.012 -0.013 0 0 0
0.238 3.338 -0.312 0 0 0
0.488 0.537 0.013 0 0 0
-1.113 1.513 -0.088 0 0 0
0.062 -0.388 -0.038 0 0 0
0.062 -0.388 -0.013 0 0 0
0.163 -0.312 -0.113 0 0 0
0.438 0.338 0.113 0 0 0
-0.988 -1.238 -0.062 0 0 0
-0.163 1.538 -0.138 0 0 0
-0.213 -0.788 0.088 0 0 0
-1.163 1.388 0.138 0 0 0
-1.888 1.413 0.288 0 0 0
-0.513 1.812 -0.163 0 0 0
-0.863 1.738 0.188 0 0 0
-0.338 1.463 0.588 0 0 0
0.113 3.288 0.238 0 0 0
-0.988 -1.213 -0.013 0 0 0
-1.413 0.213 0.088 0 0 0
0.562 0.537 0.062 0 0 0
-1.812 1.538 0.163 0 0 0
-1.463 1.388 0.588 0 0 0
-0.663 1.812 0.188 0 0 0
-0.163 1.613 0.113 0 0 0
-0.888 -2.238 -0.312 0 0 0
-0.138 1.513 0.062 0 0 0
-0.338 1.588 -0.138 0 0 0
0.238 0.088 -0.013 0 0 0
-1.963 0.913 0.213 0 0 0
-1.713 0.988 0.213 0 0 0
-1.113 1.413 0.088 0 0 0
-1.613 1.488 0.188 0 0 0
-0.163 1.638 0.138 0 0 0
-1.088 1.388 0.163 0 0 0
-1.688 1.562 -0.088 0 0 0
-1.963 0.738 0.138 0 0 0
-1.588 0.138 0.113 0 0 0
0.288 2.688 0.088 0 0 0
-1.812 1.988 -0.113 0 0 0
-1.913 1.663 0.213 0 0 0
-1.888 1.388 0.588 0 0 0
0.288 0.413 0.038 0 0 0
-1.938 0.663 0.088 0 0 0
-0.838 1.562 0.163 0 0 0
-1.663 1.663 -0.088 0 0 0
0.288 3.013 1.463 0 0 0
-2.138 -4.038 0.463 0 0 0
-1.137 -2.413 -0.138 0 0 0
-0.263 1.688 0.062 0 0 0
-0.113 -0.763 0.062 0 0 0
0.562 0.238 0.113 0 0 0
-0.088 1.513 0.238 0 0 0
-0.238 1.688 0.663 0 0 0
-2.812 -4.788 -0.663 0 0 0
-0.038 -0.438 0.038 0 0 0
-2.113 -2.913 -0.138 0 0 0
-1.863 1.488 -0.062 0 0 0
-1.913 1.488 0.113 0 0 0
-1.688 0.188 0.038 0 0 0
0.288 2.663 0.413 0 0 0
-1.188 1.288 0.537 0 0 0
-2.863 -4.713 -0.363 0 0 0
0.613 0.263 -0.038 0 0 0
-2.763 -4.112 0.463 0 0 0
-1.038 -0.988 0.113 0 0 0
-1.012 1.562 -0.113 0 0 0
-1.188 1.588 -0.113 0 0 0
-1.888 0.763 0.188 0 0 0
-1.038 -0.963 0.138 0 0 0
-1.513 -0.238 -0.038 0 0 0
0.088 -0.363 0.038 0 0 0
-1.638 0.963 0.537 0 0 0
-1.088 1.263 0.663 0 0 0
-1.688 1.137 0.138 0 0 0
-1.788 1.812 0.763 0 0 0
-0.963 -1.263 -0.088 0 0 0
-1.913 0.913 -0.013 0 0 0
-1.863 1.388 0.113 0 0 0
-1.913 0.913 -0.038 0 0 0
-2.812 -4.812 -0.363 0 0 0
0.088 3.038 1.163 0 0 0
0.312 0.688 -0.062 0 0 0
-0.163 1.613 -0.138 0 0 0
-1.888 1.513 0.188 0 0 0
-1.012 1.538 0.188 0 0 0
-1.038 -2.337 0.263 0 0 0
-1.963 0.913 -0.013 0 0 0
0.263 0.488 0.013 0 0 0
-1.713 0.988 -0.038 0 0 0
0.338 0.713 0.263 0 0 0
-1.963 0.913 -0.038 0 0 0
-0.988 -1.062 0.113 0 0 0
-1.113 1.388 0.713 0 0 0
0.312 0.763 0.062 0 0 0
0.138 -0.312 -0.138 0 0 0
-1.062 -0.863 -0.388 0 0 0
0.088 3.062 1.188 0 0 0
-1.738 0.963 0.213 0 0 0
-1.088 1.388 -0.088 0 0 0
-0.763 1.838 -0.163 0 0 0
-2.963 -4.487 -0.613 0 0 0
-0.838 1.663 -0.138 0 0 0
-0.812 1.613 0.812 0 0 0
-0.363 1.463 0.562 0 0 0
-1.113 1.213 0.638 0 0 0
-0.938 -2.288 -0.062 0 0 0
-1.012 -1.213 -0.062 0 0 0
-0.763 1.863 -0.138 0 0 0
0.338 2.638 0.163 0 0 0
-0.988 -1.038 0.113 0 0 0
-1.038 1.488 -0.113 0 0 0
-1.913 1.363 0.588 0 0 0
-2.838 -4.038 0.463 0 0 0
-1.213 -0.438 -0.138 0 0 0
0.288 3.338 -0.312 0 0 0
-0.988 1.388 0.562 0 0 0
-1.838 1.538 0.113 0 0 0
0.113 3.288 0.312 0 0 0
-1.863 1.663 -0.088 0 0 0
0.263 0.388 0.188 0 0 0
-2.963 -4.538 -0.338 0 0 0
-1.088 -0.812 0.113 0 0 0
-1.863 0.913 0.113 0 0 0
-0.913 1.688 -0.138 0 0 0
-1.913 1.538 0.113 0 0 0
0.138 3.263 0.513 0 0 0
-2.913 -4.338 0.488 0 0 0
-1.012 1.613 -0.113 0 0 0
-0.838 1.638 0.163 0 0 0
-2.963 -4.513 -0.312 0 0 0
-0.263 1.463 0.713 0 0 0
0.238 -0.113 -0.062 0 0 0
-1.238 -2.463 0.288 0 0 0
-1.113 1.413 0.163 0 0 0
-1.863 0.713 0.138 0 0 0
-0.613 1.863 -0.163 0 0 0
-0.438 1.513 0.588 0 0 0
-1.562 -0.163 0.062 0 0 0
-1.913 0.788 0.438 0 0 0
-1.012 -0.938 -0.413 0 0 0
0.013 -0.363 -0.138 0 0 0
-0.988 -1.038 -0.463 0 0 0
0.213 3.363 -0.312 0 0 0
-0.588 1.812 0.312 0 0 0
-0.938 -2.288 0.263 0 0 0
0.238 -0.312 -0.038 0 0 0
0.238 -0.312 -0.013 0 0 0
-1.012 1.638 -0.113 0 0 0
-0.363 1.562 0.138 0 0 0
-0.263 1.663 0.113 0 0 0
-1.438 0.213 0.088 0 0 0
-1.763 1.238 0.138 0 0 0
-1.113 -2.388 -0.163 0 0 0
-2.062 0.963 0.213 0 0 0
-1.913 1.438 0.288 0 0 0
-0.338 1.562 0.263 0 0 0
-0.913 1.663 0.163 0 0 0
-2.913 -4.612 -0.312 0 0 0
-0.013 3.238 -0.312 0 0 0
-1.963 0.812 0.463 0 0 0
-1.088 1.363 0.562 0 0 0
-0.988 1.488 0.138 0 0 0
-1.663 0.488 0.088 0 0 0
-0.988 -1.062 -0.138 0 0 0
-2.238 -4.013 0.438 0 0 0
0.312 0.738 -0.088 0 0 0
-0.463 1.613 0.062 0 0 0
-1.538 -0.238 -0.038 0 0 0
-0.988 -2.312 -0.163 0 0 0
-1.888 0.713 0.338 0 0 0
-1.663 0.513 0.113 0 0 0
0.062 3.263 0.238 0 0 0
-1.613 1.663 -0.113 0 0 0
-2.163 -2.863 0.338 0 0 0
-1.788 0.938 0.088 0 0 0
-0.138 2.963 1.137 0 0 0
-0.588 1.888 -0.138 0 0 0
-2.062 0.863 0.388 0 0 0
-1.763 0.938 0.213 0 0 0
-0.438 1.613 0.163 0 0 0
-0.812 1.488 0.738 0 0 0
0.113 -0.338 -0.163 0 0 0
0.513 0.312 -0.038 0 0 0
0.513 0.312 -0.013 0 0 0
-1.113 -0.713 -0.088 0 0 0
-1.663 1.163 -0.062 0 0 0
-2.838 -4.713 -0.238 0 0 0
0.312 0.638 0.088 0 0 0
-1.113 1.388 -0.113 0 0 0
0.263 0.438 0.163 0 0 0
-2.888 -4.388 -1.588 0 0 0
-1.838 1.888 0.363 0 0 0
-1.438 -0.438 0.013 0 0 0
-1.137 1.562 0.088 0 0 0
-1.838 1.488 0.163 0 0 0
-0.338 1.413 0.713 0 0 0
-2.863 -4.263 0.488 0 0 0
-0.738 1.688 0.863 0 0 0
-0.263 1.538 0.588 0 0 0
-1.763 1.113 0.613 0 0 0
-1.663 0.013 0.062 0 0 0
0.138 -0.338 0.038 0 0 0
-0.188 -0.788 -0.038 0 0 0
-0.188 -0.788 -0.013 0 0 0
-0.688 1.713 0.688 0 0 0
0.338 2.613 0.213 0 0 0
0.537 0.312 0.013 0 0 0
-2.763 -4.812 0.537 0 0 0
0.363 0.763 0.062 0 0 0
-1.938 0.812 0.088 0 0 0
-1.888 0.913 0.088 0 0 0
-0.838 1.713 0.163 0 0 0
0.188 -0.312 -0.113 0 0 0
0.738 -0.013 -0.013 0 0 0
-0.263 1.663 -0.138 0 0 0
0.738 -0.013 -0.038 0 0 0
-0.713 1.838 -0.138 0 0 0
-2.863 -4.588 0.537 0 0 0
-1.012 1.413 0.562 0 0 0
-1.812 1.863 -0.113 0 0 0
-0.963 1.663 0.088 0 0 0
-0.763 1.913 0.163 0 0 0
-1.938 1.463 -0.062 0 0 0
-0.038 3.213 0.312 0 0 0
-1.763 1.288 0.113 0 0 0
-0.537 1.888 0.138 0 0 0
-0.688 1.738 0.688 0 0 0
-0.288 1.613 0.062 0 0 0
-1.188 -2.438 -0.038 0 0 0
0.013 -0.388 -0.062 0 0 0
-0.988 -1.062 -0.388 0 0 0
-1.062 -2.312 -0.338 0 0 0
-2.988 -4.237 -1.538 0 0 0
-1.188 -0.537 -0.163 0 0 0
-2.713 -4.913 0.537 0 0 0
-1.888 0.713 0.088 0 0 0
-1.812 0.913 0.113 0 0 0
-2.212 -3.788 -1.388 0 0 0
-1.812 1.888 -0.113 0 0 0
-1.463 0.213 0.062 0 0 0
-1.763 0.938 -0.038 0 0 0
-2.888 -4.638 0.513 0 0 0
-1.062 -0.888 0.113 0 0 0
-0.788 1.888 -0.138 0 0 0
-1.788 1.238 0.088 0 0 0
0.088 -0.388 -0.013 0 0 0
-2.988 -4.413 0.513 0 0 0
0.338 0.613 -0.062 0 0 0
-1.137 -0.613 -0.263 0 0 0
-0.713 1.838 0.188 0 0 0
-1.688 0.088 0.038 0 0 0
-1.713 0.188 0.088 0 0 0
-1.163 -0.663 0.113 0 0 0
-1.088 -2.363 0.238 0 0 0
-0.812 1.812 -0.138 0 0 0
-3.013 -4.062 -1.888 0 0 0
-1.012 1.513 0.138 0 0 0
0.413 0.363 0.138 0 0 0
-1.538 -0.263 0.013 0 0 0
-1.838 1.488 -0.088 0 0 0
-1.012 -2.087 -0.988 0 0 0
-0.963 -1.113 0.138 0 0 0
-2.863 -4.737 -0.088 0 0 0
-0.562 1.713 0.863 0 0 0
-0.838 1.588 0.638 0 0 0
-1.588 1.338 0.713 0 0 0
-0.888 -2.288 0.238 0 0 0
-2.838 -4.737 0.513 0 0 0
-0.463 1.613 0.138 0 0 0
-1.312 -2.438 -0.138 0 0 0
-2.888 -4.638 -0.062 0 0 0
-0.238 -0.788 -0.113 0 0 0
-1.113 1.463 -0.113 0 0 0
0.163 0.688 -0.062 0 0 0
-2.938 -4.513 0.513 0 0 0
-0.562 1.838 0.138 0 0 0
-1.137 -0.713 -0.088 0 0 0
-0.938 -2.312 -0.138 0 0 0
-2.988 -4.413 -0.062 0 0 0
-1.913 1.638 -0.113 0 0 0
0.288 0.438 -0.038 0 0 0
-0.388 1.588 0.138 0 0 0
0.513 0.263 0.113 0 0 0
0.312 0.413 0.038 0 0 0
0.238 0.038 -0.013 0 0 0
-0.288 -0.738 -0.363 0 0 0
-0.763 1.688 0.838 0 0 0
-0.588 1.663 0.838 0 0 0
-1.488 -0.338 0.013 0 0 0
-0.013 -0.388 -0.138 0 0 0
-1.863 1.413 0.613 0 0 0
-0.038 -0.388 -0.138 0 0 0
-1.113 -0.738 0.088 0 0 0
-1.913 1.538 -0.062 0 0 0
-1.038 -0.938 -0.062 0 0 0
-2.788 -4.812 0.513 0 0 0
-1.438 0.388 0.013 0 0 0
-1.812 1.938 -0.113 0 0 0
-1.588 -0.113 0.013 0 0 0
0.537 0.488 0.163 0 0 0
-0.213 3.138 0.113 0 0 0
-1.137 1.338 0.163 0 0 0
-1.713 1.088 0.588 0 0 0
0.463 0.312 0.138 0 0 0
-3.013 -4.263 -1.538 0 0 0
0.238 3.338 0.238 0 0 0
-0.938 1.663 -0.113 0 0 0
-1.588 -0.088 0.038 0 0 0
-1.788 1.488 0.188 0 0 0
-1.863 0.763 0.188 0 0 0
0.338 2.588 0.388 0 0 0
-0.537 1.863 0.188 0 0 0
-1.863 1.438 -0.062 0 0 0
-1.913 1.438 0.113 0 0 0
-0.213 1.638 -0.138 0 0 0
-1.913 0.588 0.288 0 0 0
-1.038 -1.038 0.113 0 0 0
-0.263 1.713 0.163 0 0 0
-1.763 1.288 0.188 0 0 0
-0.688 1.812 0.138 0 0 0
-1.838 1.888 -0.138 0 0 0
-0.288 1.613 0.138 0 0 0
-1.488 0.213 0.038 0 0 0
-1.888 1.538 0.113 0 0 0
-1.663 0.463 0.013 0 0 0
-1.463 0.188 0.113 0 0 0
-1.863 1.513 0.188 0 0 0
0.338 0.688 -0.062 0 0 0
0.363 2.538 0.163 0 0 0
0.338 0.763 0.062 0 0 0
0.062 -0.388 -0.062 0 0 0
0.312 3.363 0.288 0 0 0
0.163 -0.312 -0.138 0 0 0
-0.062 3.213 -0.288 0 0 0
-1.638 1.688 0.213 0 0 0
0.238 3.363 -0.312 0 0 0
-2.963 -4.338 -1.562 0 0 0
-0.988 -1.188 -0.163 0 0 0
-1.713 1.188 0.163 0 0 0
-2.988 -4.413 -0.312 0 0 0
0.163 -0.288 -0.113 0 0 0
0.288 0.713 -0.062 0 0 0
-0.988 -1.213 -0.062 0 0 0
-0.163 1.562 -0.138 0 0 0
0.088 -0.388 0.038 0 0 0
-0.913 -2.038 -0.963 0 0 0
-1.963 0.863 -0.013 0 0 0
-2.013 0.863 0.138 0 0 0
-2.812 -4.863 0.537 0 0 0
-1.388 0.188 0.138 0 0 0
-0.863 1.763 0.188 0 0 0
-2.988 -4.388 -0.288 0 0 0
-1.688 1.438 0.613 0 0 0
-1.038 -0.938 -0.312 0 0 0
-0.788 1.963 0.188 0 0 0
-1.663 1.038 -0.062 0 0 0
-2.238 -4.038 -0.213 0 0 0
-1.213 -0.513 -0.163 0 0 0
0.562 0.562 0.038 0 0 0
-1.137 1.338 -0.088 0 0 0
-2.288 -3.763 -1.363 0 0 0
-1.038 1.438 -0.113 0 0 0
-0.413 1.588 0.138 0 0 0
-1.613 1.513 0.188 0 0 0
-0.588 1.838 0.088 0 0 0
0.288 0.413 0.013 0 0 0
-0.913 -2.138 -0.788 0 0 0
-0.288 1.713 -0.163 0 0 0
-0.163 1.538 0.163 0 0 0
-1.088 -0.863 0.113 0 0 0
0.288 2.713 0.088 0 0 0
0.238 0.013 0.013 0 0 0
-0.838 1.513 -0.113 0 0 0
-2.138 -4.038 0.438 0 0 0
-1.562 -0.138 -0.013 0 0 0
-1.113 -2.337 -0.338 0 0 0
-0.562 1.812 0.312 0 0 0
-2.138 -2.888 -0.388 0 0 0
0.288 0.438 0.038 0 0 0
-1.338 -2.212 -1.038 0 0 0
-2.763 -4.938 -0.388 0 0 0
1.863 -0.088 -0.038 0 0 0
-0.913 -2.288 0.263 0 0 0
-1.137 -2.138 -1.012 0 0 0
-1.638 1.038 0.138 0 0 0
-1.163 -0.588 -0.263 0 0 0
0.263 -0.062 -0.013 0 0 0
0.263 -0.062 -0.038 0 0 0
0.562 0.288 0.013 0 0 0
-0.062 -0.388 -0.188 0 0 0
-1.863 1.488 -0.088 0 0 0
-2.788 -4.838 0.562 0 0 0
-0.312 1.562 0.263 0 0 0
0.562 0.263 0.113 0 0 0
-1.062 -0.938 -0.113 0 0 0
-0.338 1.588 0.163 0 0 0
-2.212 -4.013 0.463 0 0 0
-1.513 0.188 0.038 0 0 0
-1.863 1.513 -0.062 0 0 0
-1.913 1.513 0.113 0 0 0
-1.038 -0.963 0.113 0 0 0
-1.012 1.588 -0.113 0 0 0
-1.913 0.738 0.413 0 0 0
-0.213 -0.763 -0.288 0 0 0
0.363 0.438 0.062 0 0 0
-2.888 -4.237 -1.963 0 0 0
-1.113 -2.363 -0.038 0 0 0
0.238 3.338 0.312 0 0 0
-1.188 -0.588 -0.013 0 0 0
-1.663 0.537 0.013 0 0 0
-1.938 0.663 0.388 0 0 0
-1.788 1.288 0.163 0 0 0
-1.638 1.012 0.438 0 0 0
-2.738 -4.938 0.562 0 0 0
0.263 3.312 0.513 0 0 0
-0.163 1.513 0.588 0 0 0
-1.713 1.213 -0.062 0 0 0
0.213 0.062 -0.013 0 0 0
-1.488 0.188 0.088 0 0 0
-2.238 -4.062 0.438 0 0 0
-1.888 1.513 0.163 0 0 0
0.312 0.688 -0.088 0 0 0
-1.838 1.638 -0.088 0 0 0
-1.863 1.413 0.113 0 0 0
-1.012 1.538 0.163 0 0 0
-0.988 1.463 0.163 0 0 0
-1.913 0.938 -0.013 0 0 0
0.312 0.763 0.038 0 0 0
-0.988 1.538 0.288 0 0 0
0.138 -0.312 -0.163 0 0 0
-0.163 3.163 0.113 0 0 0
-3.013 -4.463 0.537 0 0 0
0.088 3.062 1.163 0 0 0
-1.012 1.562 0.188 0 0 0
-1.513 -0.288 0.038 0 0 0
-1.888 1.613 0.312 0 0 0
-1.137 -0.688 -0.013 0 0 0
-1.137 -0.688 -0.038 0 0 0
-0.963 1.812 -0.138 0 0 0
-1.238 -2.413 -0.163 0 0 0
-1.538 1.388 0.588 0 0 0
0.163 -0.312 -0.062 0 0 0
-0.062 2.863 1.413 0 0 0
-1.113 -0.763 -0.088 0 0 0
-1.388 0.288 0.163 0 0 0
-2.163 -4.062 0.463 0 0 0
-0.838 1.562 -0.113 0 0 0
-1.663 1.113 -0.062 0 0 0
-0.812 1.438 0.713 0 0 0
-0.788 1.838 0.088 0 0 0
-1.812 1.513 0.188 0 0 0
-0.763 1.888 -0.138 0 0 0
0.113 3.288 0.288 0 0 0
-1.713 1.188 0.238 0 0 0
-1.038 1.513 -0.113 0 0 0
-0.163 -0.763 -0.038 0 0 0
-1.413 0.213 0.138 0 0 0
-1.137 -0.663 -0.013 0 0 0
-1.863 0.913 0.088 0 0 0
-0.388 1.562 0.062 0 0 0
-0.163 -0.763 -0.013 0 0 0
-0.562 1.888 0.188 0 0 0
-1.812 1.538 0.213 0 0 0
-1.137 -0.663 -0.038 0 0 0
0.288 3.363 -0.312 0 0 0
0.312 2.538 0.963 0 0 0
-1.963 0.838 0.138 0 0 0
0.338 2.438 0.913 0 0 0
-1.463 -0.388 0.038 0 0 0
-2.963 -4.513 -0.338 0 0 0
-1.088 -0.788 0.113 0 0 0
-2.963 -4.538 0.537 0 0 0
-0.138 1.513 0.113 0 0 0
-0.838 1.588 -0.113 0 0 0
-0.963 -1.137 -0.513 0 0 0
-1.113 1.413 0.138 0 0 0
-0.138 -0.763 0.062 0 0 0
-2.913 -4.312 0.488 0 0 0
-1.688 0.488 0.013 0 0 0
-1.562 -0.163 0.038 0 0 0
-1.638 1.113 0.138 0 0 0
0.238 -0.088 -0.062 0 0 0
-1.238 -2.438 0.288 0 0 0
-0.938 -2.288 0.238 0 0 0
-1.213 1.588 -0.113 0 0 0
-1.113 1.513 0.288 0 0 0
-0.863 -2.263 -0.062 0 0 0
-1.113 -2.388 -0.188 0 0 0
0.263 0.863 -0.088 0 0 0
-0.113 1.538 0.062 0 0 0
0.288 0.388 0.188 0 0 0
-1.812 1.788 0.738 0 0 0
-1.888 1.513 -0.088 0 0 0
-1.188 -0.513 -0.013 0 0 0
-1.312 -2.413 -0.338 0 0 0
-1.188 -0.513 -0.038 0 0 0
-0.113 3.163 -0.312 0 0 0
-2.863 -4.713 -0.312 0 0 0
-1.288 -2.212 -1.038 0 0 0
-1.012 1.613 0.188 0 0 0
-1.788 0.963 -0.038 0 0 0
-1.663 0.513 0.088 0 0 0
-1.788 0.963 -0.013 0 0 0
-1.812 1.888 0.113 0 0 0
0.288 -0.163 -0.062 0 0 0
0.263 3.113 1.188 0 0 0
-1.163 1.363 -0.088 0 0 0
-1.263 -2.463 -0.038 0 0 0
-0.438 1.613 0.138 0 0 0
-2.988 -4.463 0.513 0 0 0
-1.113 -0.763 -0.338 0 0 0
-1.638 1.538 0.188 0 0 0
-0.988 1.613 0.288 0 0 0
-2.738 -4.938 -0.263 0 0 0
-1.812 1.513 -0.062 0 0 0
-0.788 1.838 -0.163 0 0 0
-0.213 -0.788 -0.113 0 0 0
0.513 0.513 0.038 0 0 0
0.363 2.363 1.137 0 0 0
-0.863 1.538 -0.113 0 0 0
-0.963 -1.263 -0.013 0 0 0
-1.713 0.138 0.062 0 0 0
-1.863 1.388 0.163 0 0 0
0.263 0.463 0.038 0 0 0
-2.938 -4.362 0.488 0 0 0
-0.812 1.812 0.088 0 0 0
-0.938 -2.263 -0.338 0 0 0
0.213 0.062 0.038 0 0 0
-0.163 -0.738 -0.263 0 0 0
-0.138 1.513 -0.138 0 0 0
-2.838 -4.688 -0.238 0 0 0
-1.613 1.388 0.738 0 0 0
-0.562 1.663 0.838 0 0 0
-1.113 1.413 -0.113 0 0 0
-0.238 1.788 0.288 0 0 0
-1.038 1.588 -0.113 0 0 0
-1.663 0.013 0.038 0 0 0
-0.537 1.812 -0.138 0 0 0
0.363 0.763 0.038 0 0 0
-2.763 -4.812 0.513 0 0 0
0.463 0.363 -0.038 0 0 0
0.463 0.363 -0.013 0 0 0
-1.538 0.438 0.013 0 0 0
-1.663 0.038 0.062 0 0 0
-1.663 1.062 0.088 0 0 0
-1.088 -2.113 -0.988 0 0 0
-0.263 1.663 -0.163 0 0 0
-1.913 0.613 0.088 0 0 0
0.338 2.638 0.213 0 0 0
-0.913 1.562 0.638 0 0 0
-0.963 -2.312 0.238 0 0 0
-0.663 1.788 0.312 0 0 0
-1.188 -2.413 -0.163 0 0 0
-1.488 1.388 0.588 0 0 0
-0.263 1.688 -0.138 0 0 0
-2.013 0.812 0.363 0 0 0
-1.638 1.062 0.163 0 0 0
0.213 -0.312 -0.038 0 0 0
0.213 -0.312 -0.013 0 0 0
-0.388 1.562 0.138 0 0 0
-1.913 1.538 0.163 0 0 0
0.288 2.663 0.213 0 0 0
-1.888 0.738 -0.013 0 0 0
-0.613 1.838 -0.138 0 0 0
0.312 2.562 0.163 0 0 0
-1.213 -0.537 -0.013 0 0 0
-0.812 1.538 0.163 0 0 0
-1.213 -0.537 -0.038 0 0 0
-0.988 1.513 -0.113 0 0 0
-0.438 1.588 -0.138 0 0 0
-0.812 1.613 0.288 0 0 0
-1.088 -2.212 -0.812 0 0 0
-1.738 1.513 0.288 0 0 0
-0.238 1.562 0.613 0 0 0
-1.613 -0.038 0.062 0 0 0
0.088 -0.363 -0.163 0 0 0
-1.588 -0.138 0.013 0 0 0
-1.938 0.613 0.288 0 0 0
-1.137 -2.212 -0.812 0 0 0
0.688 0.338 -0.062 0 0 0
0.238 -0.312 0.013 0 0 0
-1.688 1.137 -0.062 0 0 0
-1.812 0.938 0.088 0 0 0
-2.888 -4.612 0.513 0 0 0
-0.263 1.663 0.163 0 0 0
-1.713 0.863 0.488 0 0 0
-1.713 0.188 0.062 0 0 0
-0.788 1.913 -0.138 0 0 0
-1.938 0.638 0.312 0 0 0
-2.938 -4.338 -1.562 0 0 0
-0.113 1.513 0.238 0 0 0
-0.963 -1.188 -0.163 0 0 0
-0.812 1.812 -0.163 0 0 0
-1.163 -0.638 -0.013 0 0 0
-1.838 0.663 -0.013 0 0 0
-1.863 1.463 0.188 0 0 0
0.338 0.638 -0.062 0 0 0
-1.688 0.113 0.038 0 0 0
-1.488 1.488 0.163 0 0 0
-1.188 -2.438 0.263 0 0 0
-1.088 -2.337 0.238 0 0 0
-0.863 1.613 -0.113 0 0 0
-1.688 1.012 0.088 0 0 0
-0.213 -0.812 -0.038 0 0 0
-0.213 -0.812 -0.013 0 0 0
-1.538 -0.238 0.013 0 0 0
-1.312 -2.438 -0.163 0 0 0
-1.638 1.638 0.213 0 0 0
-1.838 1.488 0.788 0 0 0
-1.838 1.513 -0.088 0 0 0
0.062 3.263 0.288 0 0 0
-1.812 1.888 0.188 0 0 0
0.488 0.513 0.013 0 0 0
-1.413 0.363 0.013 0 0 0
-1.788 0.938 0.138 0 0 0
-1.588 1.363 0.713 0 0 0
-1.088 -0.838 -0.088 0 0 0
-2.812 -4.838 -0.238 0 0 0
0.062 -0.363 0.038 0 0 0
-1.038 -0.913 -0.413 0 0 0
-0.562 1.788 -0.138 0 0 0
-0.738 1.812 -0.138 0 0 0
-2.888 -4.612 -0.062 0 0 0
-1.113 1.363 -0.088 0 0 0
-1.938 0.913 -0.013 0 0 0
-2.738 -4.963 -0.088 0 0 0
-1.038 -1.088 -0.488 0 0 0
-1.938 0.913 -0.038 0 0 0
-1.513 1.338 0.713 0 0 0
-1.438 -0.463 0.038 0 0 0
-1.113 -0.713 -0.038 0 0 0
0.338 0.613 0.238 0 0 0
-0.513 1.763 0.688 0 0 0
-1.088 -0.812 -0.088 0 0 0
0.338 0.413 0.138 0 0 0
-0.038 -0.388 -0.163 0 0 0
-0.812 1.812 0.163 0 0 0
-1.913 1.538 -0.088 0 0 0
-0.163 -0.788 -0.113 0 0 0
0.312 0.438 0.038 0 0 0
0.263 0.438 0.213 0 0 0
-0.588 1.688 0.838 0 0 0
-1.488 -0.312 0.013 0 0 0
-1.463 -0.413 -0.013 0 0 0
-0.988 1.788 -0.138 0 0 0
-0.312 1.613 0.062 0 0 0
-0.888 -2.263 -0.338 0 0 0
0.463 0.312 0.113 0 0 0
-0.963 1.463 0.738 0 0 0
0.263 -0.138 -0.062 0 0 0
-1.588 -0.088 0.013 0 0 0
-1.562 -0.188 -0.038 0 0 0
-1.562 -0.188 -0.013 0 0 0
-1.888 0.812 -0.013 0 0 0
0.213 -0.338 0.038 0 0 0
-1.137 1.363 0.163 0 0 0
-1.938 0.812 0.138 0 0 0
-1.888 0.913 0.138 0 0 0
-0.988 1.588 -0.113 0 0 0
0.188 -0.312 -0.062 0 0 0
-1.663 1.062 0.163 0 0 0
0.238 3.363 0.238 0 0 0
-1.863 1.438 -0.088 0 0 0
